      6.637816       0.000000
      6.638000     0.01472344
      6.638183     0.01160457
      6.638366    0.007864417
      6.638549    0.008802917
      6.638732    0.008978928
      6.638915    0.007473206
      6.639098    0.007105643
      6.639281    0.006910713
      6.639464    0.007603271
      6.639647    0.008407990
      6.639831    0.009133993
      6.640014    0.008993792
      6.640197    0.008920820
      6.640380    0.008712377
      6.640563    0.008673526
      6.640747    0.008432652
      6.640930    0.008334004
      6.641113    0.007842457
      6.641296    0.007397869
      6.641479    0.007123210
      6.641662    0.006834363
      6.641845    0.006822539
      6.642028    0.007374896
      6.642211    0.008340423
      6.642395    0.008752580
      6.642578    0.008965414
      6.642761    0.008367450
      6.642944    0.007484016
      6.643127    0.007235372
      6.643310    0.007712054
      6.643493    0.008165764
      6.643676    0.008913388
      6.643859    0.009202911
      6.644042    0.009815402
      6.644226    0.008900550
      6.644409    0.008124886
      6.644592    0.007730972
      6.644775    0.007939753
      6.644958    0.008568798
      6.645141     0.01064411
      6.645324     0.01218530
      6.645507     0.01310995
      6.645690     0.01314103
      6.645874     0.01262617
      6.646057     0.01208632
      6.646240     0.01164815
      6.646423     0.01160727
      6.646606     0.01223158
      6.646790     0.01309137
      6.646973     0.01376467
      6.647156     0.01396467
      6.647339     0.01374068
      6.647522     0.01339001
      6.647705     0.01282313
      6.647888     0.01225523
      6.648071     0.01166842
      6.648254     0.01177483
      6.648438     0.01197922
      6.648621     0.01240591
      6.648804     0.01324508
      6.648987     0.01382176
      6.649170     0.01418730
      6.649353     0.01444101
      6.649536     0.01456365
      6.649719     0.01375927
      6.649902     0.01246097
      6.650085     0.01173531
      6.650269    0.009779254
      6.650452    0.008452922
      6.650635    0.007678608
      6.650818    0.007113413
      6.651001    0.006689095
      6.651184    0.006079306
      6.651367    0.005737757
      6.651550    0.006289438
      6.651734    0.007751580
      6.651917    0.009262032
      6.652100     0.01004918
      6.652283    0.009821821
      6.652466    0.009972833
      6.652649    0.009492096
      6.652833    0.009738039
      6.653016    0.008987036
      6.653199    0.008358667
      6.653382    0.008021171
      6.653565    0.007574555
      6.653748    0.007348545
      6.653931    0.007018482
      6.654114    0.006659704
      6.654297    0.006686392
      6.654480    0.007063076
      6.654664    0.007420166
      6.654847    0.007974887
      6.655030    0.007993469
      6.655213    0.008018469
      6.655396    0.008671162
      6.655579    0.009472502
      6.655762     0.01052620
      6.655945     0.01152585
      6.656128     0.01179443
      6.656312     0.01158936
      6.656495     0.01077992
      6.656678    0.009763376
      6.656861    0.008917780
      6.657044    0.008732986
      6.657227    0.008966090
      6.657411    0.007663744
      6.657594    0.006061064
      6.657777    0.005509044
      6.657960    0.005977619
      6.658143    0.006995847
      6.658326    0.007959685
      6.658509    0.008385018
      6.658692    0.008456300
      6.658875    0.008333666
      6.659059    0.008008671
      6.659242    0.007784688
      6.659425    0.007687392
      6.659608    0.007423544
      6.659791    0.007232331
      6.659974    0.007170170
      6.660157    0.007666108
      6.660340    0.008187047
      6.660523    0.009034332
      6.660707    0.008818795
      6.660890    0.007621177
      6.661073    0.007628271
      6.661256    0.008249884
      6.661439    0.008915415
      6.661622    0.009350207
      6.661805    0.008925213
      6.661988    0.009038387
      6.662171    0.008846159
      6.662354    0.008765079
      6.662538    0.008646162
      6.662721    0.008947171
      6.662904    0.009174533
      6.663087    0.009262032
      6.663270    0.009528920
      6.663454    0.009336355
      6.663637    0.008843456
      6.663820    0.008493124
      6.664003    0.008089075
      6.664186    0.008319816
      6.664369    0.009133318
      6.664552    0.008976225
      6.664735    0.008450557
      6.664918    0.008078265
      6.665102    0.007939753
      6.665285    0.008047522
      6.665468    0.008282991
      6.665651    0.008666771
      6.665834    0.009233316
      6.666017    0.008891429
      6.666200    0.008147183
      6.666383    0.007749215
      6.666566    0.007884687
      6.666749    0.007824552
      6.666933    0.007513746
      6.667116    0.007536042
      6.667299    0.007938402
      6.667482    0.008438057
      6.667665    0.008589406
      6.667848    0.008031644
      6.668031    0.007612393
      6.668214    0.007317127
      6.668398    0.007430301
      6.668581    0.007309695
      6.668764    0.007170170
      6.668947    0.007729283
      6.669130    0.008321505
      6.669313    0.008549880
      6.669497    0.008338735
      6.669680    0.007249222
      6.669863    0.006157346
      6.670046    0.005438437
      6.670229    0.005951605
      6.670412    0.006792134
      6.670595    0.007137737
      6.670778    0.008124210
      6.670961    0.008888051
      6.671144    0.009306288
      6.671328    0.009055616
      6.671511    0.008251573
      6.671694    0.006909700
      6.671877    0.006323560
      6.672060    0.005814783
      6.672243    0.006540448
      6.672426    0.008087048
      6.672609    0.009191425
      6.672792    0.009554596
      6.672976    0.009848510
      6.673159    0.008522853
      6.673342    0.007150575
      6.673525    0.006712405
      6.673708    0.007110373
      6.673891    0.008088062
      6.674075    0.008540420
      6.674258    0.008897172
      6.674441    0.009188384
      6.674624    0.009401895
      6.674807    0.009304261
      6.674990    0.009630607
      6.675173    0.009704931
      6.675356    0.009598851
      6.675539    0.009574190
      6.675723    0.009598851
      6.675906    0.009607973
      6.676089    0.009246492
      6.676272    0.009174871
      6.676455    0.009095481
      6.676638    0.008731971
      6.676821    0.008590758
      6.677004    0.008120832
      6.677187    0.007647865
      6.677371    0.007489421
      6.677554    0.007759012
      6.677737    0.007984685
      6.677920    0.008036036
      6.678103    0.008222519
      6.678286    0.007961713
      6.678469    0.007520164
      6.678652    0.007004631
      6.678835    0.006992807
      6.679018    0.007603609
      6.679202    0.007713743
      6.679385    0.007581988
      6.679568    0.008005968
      6.679751    0.008393126
      6.679935    0.008319478
      6.680118    0.008490759
      6.680301    0.008682311
      6.680484    0.008482313
      6.680667    0.008322518
      6.680850    0.008674202
      6.681033    0.008889064
      6.681216    0.009143115
      6.681399    0.008909672
      6.681582    0.008730958
      6.681766    0.008643460
      6.681949    0.008135697
      6.682132    0.007843133
      6.682315    0.007712054
      6.682498    0.007903605
      6.682681    0.007828606
      6.682864    0.006966456
      6.683047    0.006153630
      6.683230    0.005580327
      6.683414    0.004872567
      6.683597    0.004916485
      6.683780    0.005454653
      6.683963    0.006468152
      6.684146    0.007612393
      6.684329    0.007112062
      6.684512    0.006647204
      6.684695    0.006370856
      6.684878    0.007174561
      6.685061    0.008865416
      6.685245    0.009551555
      6.685428     0.01033702
      6.685611     0.01046269
      6.685794     0.01001033
      6.685977    0.009836011
      6.686161    0.008437043
      6.686344    0.007538745
      6.686527    0.007451922
      6.686710    0.008203262
      6.686893    0.009897496
      6.687076     0.01166943
      6.687259     0.01318225
      6.687442     0.01469067
      6.687625     0.01514641
      6.687809     0.01567106
      6.687992     0.01622579
      6.688175     0.01592309
      6.688358     0.01596194
      6.688541     0.01514472
      6.688724     0.01332211
      6.688907     0.01210794
      6.689090     0.01067620
      6.689273    0.009814727
      6.689456    0.009362706
      6.689640    0.009618446
      6.689823    0.009721147
      6.690006    0.009690404
      6.690189    0.009539055
      6.690372    0.009753579
      6.690555    0.009982968
      6.690739     0.01019614
      6.690922    0.009897834
      6.691105    0.009380612
      6.691288    0.009051224
      6.691471    0.009055953
      6.691654    0.009110683
      6.691837    0.009350207
      6.692020    0.009450543
      6.692204    0.009454259
      6.692387    0.007874889
      6.692570    0.006062414
      6.692753    0.004844864
      6.692936    0.004631692
      6.693119    0.005217832
      6.693302    0.005903633
      6.693485    0.006205318
      6.693668    0.006352613
      6.693851    0.006719500
      6.694035    0.007291789
      6.694218    0.007723878
      6.694401    0.007890092
      6.694584    0.007687392
      6.694767    0.006395856
      6.694950    0.005607692
      6.695133    0.005570530
      6.695316    0.005987416
      6.695499    0.006603286
      6.695683    0.006824228
      6.695866    0.006674906
      6.696049    0.006430991
      6.696232    0.006465112
      6.696415    0.006889430
      6.696599    0.006090793
      6.696782    0.005140130
      6.696965    0.004369195
      6.697148    0.003673259
      6.697331    0.003714812
      6.697514    0.004655002
      6.697697    0.005925254
      6.697880    0.007492124
      6.698063    0.008425219
      6.698246    0.009052237
      6.698430    0.009007981
      6.698613    0.008487043
      6.698796    0.008365422
      6.698979    0.008303599
      6.699162    0.008072522
      6.699345    0.007878605
      6.699528    0.007802593
      6.699711    0.007193480
      6.699894    0.006460720
      6.700078    0.006360384
      6.700261    0.007259020
      6.700444    0.007480300
      6.700627    0.006374572
      6.700810    0.006076604
      6.700993    0.006381667
      6.701176    0.006886390
      6.701359    0.007514421
      6.701542    0.007996509
      6.701726    0.007596852
      6.701909    0.007149899
      6.702092    0.007066455
      6.702275    0.006686392
      6.702458    0.006427612
      6.702641    0.006416464
      6.702825    0.006554299
      6.703008    0.006831661
      6.703191    0.007233006
      6.703374    0.007738405
      6.703557    0.008329275
      6.703740    0.009012373
      6.703923    0.009899860
      6.704106     0.01111707
      6.704289     0.01216841
      6.704473     0.01319677
      6.704656     0.01408426
      6.704839     0.01474236
      6.705022     0.01483155
      6.705205     0.01461365
      6.705388     0.01449743
      6.705571     0.01470317
      6.705754     0.01481770
      6.705937     0.01513323
      6.706120     0.01448527
      6.706304     0.01341535
      6.706487     0.01250759
      6.706670     0.01189071
      6.706853     0.01139781
      6.707036     0.01122045
      6.707219     0.01163531
      6.707403     0.01201976
      6.707586     0.01177821
      6.707769     0.01217280
      6.707952     0.01271063
      6.708135     0.01274036
      6.708318     0.01187686
      6.708501     0.01096640
      6.708684    0.009660675
      6.708868    0.008653257
      6.709051    0.008576568
      6.709234    0.009524528
      6.709417     0.01077958
      6.709600     0.01199916
      6.709783     0.01213429
      6.709966     0.01139849
      6.710149     0.01036337
      6.710332    0.009302234
      6.710515    0.008530961
      6.710699    0.008197520
      6.710882    0.008107994
      6.711065    0.008487718
      6.711248    0.009101561
      6.711431    0.009841078
      6.711614     0.01058836
      6.711797     0.01089275
      6.711980     0.01132991
      6.712163     0.01161639
      6.712347     0.01182348
      6.712530     0.01209983
      6.712713     0.01203632
      6.712896     0.01220692
      6.713079     0.01232854
      6.713263     0.01287313
      6.713446     0.01319779
      6.713629     0.01305624
      6.713812     0.01194510
      6.713995     0.01088127
      6.714178     0.01054039
      6.714361     0.01064580
      6.714544     0.01119646
      6.714727     0.01123836
      6.714911    0.009296153
      6.715094    0.007229628
      6.715277    0.005123914
      6.715460    0.004462437
      6.715643    0.005845188
      6.715826    0.007699892
      6.716009    0.009424867
      6.716192     0.01063870
      6.716375     0.01165794
      6.716558     0.01178362
      6.716742     0.01144004
      6.716925     0.01136639
      6.717108     0.01144038
      6.717291     0.01174004
      6.717474     0.01208260
      6.717657     0.01216976
      6.717840     0.01259138
      6.718023     0.01293563
      6.718206     0.01314475
      6.718390     0.01355994
      6.718573     0.01370082
      6.718756     0.01388325
      6.718939     0.01425689
      6.719122     0.01399237
      6.719306     0.01372177
      6.719489     0.01328427
      6.719672     0.01334947
      6.719855     0.01344204
      6.720038     0.01349812
      6.720221     0.01368900
      6.720404     0.01391433
      6.720587     0.01384913
      6.720770     0.01389068
      6.720953     0.01314542
      6.721137     0.01171943
      6.721320     0.01070897
      6.721503     0.01007452
      6.721686    0.009554596
      6.721869    0.009631622
      6.722052    0.009637026
      6.722235    0.009421827
      6.722418    0.009059669
      6.722601    0.008622176
      6.722785    0.008099886
      6.722968    0.007397193
      6.723151    0.006496530
      6.723334    0.005622556
      6.723517    0.005278980
      6.723700    0.005603638
      6.723883    0.006227615
      6.724067    0.006908349
      6.724250    0.008030631
      6.724433    0.009031967
      6.724616    0.009648513
      6.724799     0.01073127
      6.724982     0.01000763
      6.725165    0.009938036
      6.725348     0.01033668
      6.725532     0.01057316
      6.725715     0.01111538
      6.725898     0.01102282
      6.726081     0.01062080
      6.726264    0.009774863
      6.726447    0.008697174
      6.726630    0.008202925
      6.726813    0.007625231
      6.726996    0.008063062
      6.727180    0.008757985
      6.727363    0.009778579
      6.727546     0.01098431
      6.727729     0.01212382
      6.727912     0.01299070
      6.728095     0.01358427
      6.728278     0.01350386
      6.728461     0.01287685
      6.728644     0.01248158
      6.728827     0.01167821
      6.729011     0.01068059
      6.729194     0.01012689
      6.729377     0.01046269
      6.729560     0.01128802
      6.729743     0.01210963
      6.729927     0.01244239
      6.730110     0.01273969
      6.730293     0.01218631
      6.730476     0.01146707
      6.730659     0.01016270
      6.730842    0.008580622
      6.731025    0.007180304
      6.731208    0.006644163
      6.731391    0.006025253
      6.731575    0.006136063
      6.731758    0.006175251
      6.731941    0.006897538
      6.732124    0.008364072
      6.732307    0.009913712
      6.732490     0.01087417
      6.732673     0.01185693
      6.732856     0.01154984
      6.733039     0.01052215
      6.733222    0.009275545
      6.733406    0.008362720
      6.733589    0.007689081
      6.733772    0.006878620
      6.733955    0.006325924
      6.734138    0.005939106
      6.734321    0.006058699
      6.734504    0.006491125
      6.734687    0.006369843
      6.734870    0.006253628
      6.735054    0.006664095
      6.735237    0.008644136
      6.735420     0.01136808
      6.735603     0.01129444
      6.735786     0.01125660
      6.735970     0.01087789
      6.736153     0.01073228
      6.736336     0.01014378
      6.736519    0.009815740
      6.736702    0.009451556
      6.736885    0.009529258
      6.737068    0.009593784
      6.737251    0.009871145
      6.737434     0.01016472
      6.737617     0.01026810
      6.737801     0.01114613
      6.737984     0.01155322
      6.738167     0.01164612
      6.738350     0.01236807
      6.738533     0.01402007
      6.738716     0.01484776
      6.738899     0.01480385
      6.739082     0.01464169
      6.739265     0.01344846
      6.739449     0.01229273
      6.739632     0.01103228
      6.739815    0.009701891
      6.739998     0.01044816
      6.740181     0.01156572
      6.740364     0.01290016
      6.740547     0.01425858
      6.740731     0.01502986
      6.740914     0.01527479
      6.741097     0.01484033
      6.741280     0.01442480
      6.741463     0.01358494
      6.741646     0.01368663
      6.741829     0.01385724
      6.742013     0.01424000
      6.742196     0.01496634
      6.742379     0.01531837
      6.742562     0.01531904
      6.742745     0.01492614
      6.742928     0.01452378
      6.743111     0.01371028
      6.743294     0.01251469
      6.743477     0.01135525
      6.743660     0.01054884
      6.743844    0.009888036
      6.744027    0.009544123
      6.744210    0.008890754
      6.744393    0.007623541
      6.744576    0.006655987
      6.744759    0.006148224
      6.744942    0.006101603
      6.745125    0.006549232
      6.745308    0.007306654
      6.745492    0.008214411
      6.745675    0.008050563
      6.745858    0.007367464
      6.746041    0.006622204
      6.746224    0.006074577
      6.746408    0.005835391
      6.746591    0.005751270
      6.746774    0.006208359
      6.746957    0.006742473
      6.747140    0.007129967
      6.747323    0.007596177
      6.747506    0.007869822
      6.747689    0.007814417
      6.747872    0.007713067
      6.748055    0.007421180
      6.748239    0.007439084
      6.748422    0.007624555
      6.748605    0.007771174
      6.748788    0.007597528
      6.748971    0.006959700
      6.749154    0.006488422
      6.749337    0.006658352
      6.749520    0.007243142
      6.749703    0.007844822
      6.749887    0.008315424
      6.750070    0.008478597
      6.750253    0.008679608
      6.750436    0.009021833
      6.750619    0.009500880
      6.750802    0.009879928
      6.750985    0.009948171
      6.751168     0.01000999
      6.751351     0.01009411
      6.751534     0.01007047
      6.751718     0.01015188
      6.751901     0.01033634
      6.752084     0.01077654
      6.752267     0.01138126
      6.752450     0.01190794
      6.752634     0.01195693
      6.752817     0.01147450
      6.753000     0.01098093
      6.753183     0.01052688
      6.753366     0.01011607
      6.753549    0.009754931
      6.753732    0.009448853
      6.753915    0.009203249
      6.754098    0.009023522
      6.754282    0.008894132
      6.754465    0.008730283
      6.754648    0.008474881
      6.754831    0.008355964
      6.755014    0.008416098
      6.755197    0.008063738
      6.755380    0.007594150
      6.755563    0.007152264
      6.755746    0.006103968
      6.755929    0.005346209
      6.756113    0.005088442
      6.756296    0.005491139
      6.756479    0.005794851
      6.756662    0.005990456
      6.756845    0.006645515
      6.757028    0.007642460
      6.757211    0.008487718
      6.757395    0.009408652
      6.757578    0.009887023
      6.757761    0.008913050
      6.757944    0.008000901
      6.758127    0.007442463
      6.758310    0.007531651
      6.758493    0.008046847
      6.758677    0.008386031
      6.758860    0.008217452
      6.759043    0.007397869
      6.759226    0.006419166
      6.759409    0.005625597
      6.759592    0.004870878
      6.759775    0.004663110
      6.759958    0.004888107
      6.760141    0.005027970
      6.760324    0.005256345
      6.760508    0.006185048
      6.760691    0.007550232
      6.760874    0.008836700
      6.761057    0.008246844
      6.761240    0.008042792
      6.761423    0.007794485
      6.761606    0.006826931
      6.761789    0.006665109
      6.761972    0.007187737
      6.762156    0.007942118
      6.762339    0.008791768
      6.762522    0.009388382
      6.762705    0.009924861
      6.762888    0.009415071
      6.763072    0.009229600
      6.763255    0.009830605
      6.763438    0.009654932
      6.763621    0.009279599
      6.763804    0.008699877
      6.763987    0.007356315
      6.764170    0.006222547
      6.764353    0.005250264
      6.764536    0.004792500
      6.764719    0.004766825
      6.764903    0.005184724
      6.765086    0.005960051
      6.765269    0.007025915
      6.765452    0.008343126
      6.765635    0.009210005
      6.765818    0.009418787
      6.766001    0.009420138
      6.766184    0.008325558
      6.766367    0.006911389
      6.766551    0.005835729
      6.766734    0.005378303
      6.766917    0.005504652
      6.767100    0.005884714
      6.767283    0.006728959
      6.767466    0.007578271
      6.767649    0.007187061
      6.767832    0.006758689
      6.768015    0.006458017
      6.768198    0.006307682
      6.768382    0.007046185
      6.768565    0.007920159
      6.768748    0.008161034
      6.768931    0.007663068
      6.769114    0.007909686
      6.769298    0.008786363
      6.769481    0.009161358
      6.769664    0.008547853
      6.769847    0.008026577
      6.770030    0.007940428
      6.770213    0.007932659
      6.770396    0.008050225
      6.770579    0.007508678
      6.770762    0.007886375
      6.770946    0.008891767
      6.771129    0.009713715
      6.771312    0.009930266
      6.771495     0.01012148
      6.771678    0.009120817
      6.771861    0.008240762
      6.772044    0.007633339
      6.772227    0.007742121
      6.772410    0.008110696
      6.772593    0.007681311
      6.772777    0.007415774
      6.772960    0.007695162
      6.773143    0.007943807
      6.773326    0.008385018
      6.773509    0.007496516
      6.773692    0.007649217
      6.773875    0.009156290
      6.774059    0.009547501
      6.774242    0.009714728
      6.774425    0.009315410
      6.774608    0.008621838
      6.774791    0.007918470
      6.774974    0.007324897
      6.775157    0.006875241
      6.775341    0.007142805
      6.775524    0.007916780
      6.775707    0.008609339
      6.775890    0.009903239
      6.776073     0.01000222
      6.776256    0.009751890
      6.776439     0.01010053
      6.776622     0.01111944
      6.776805     0.01201875
      6.776989     0.01221334
      6.777172     0.01206402
      6.777355     0.01168328
      6.777538     0.01096099
      6.777721     0.01045526
      6.777904     0.01027114
      6.778087     0.01023769
      6.778270    0.009177574
      6.778453    0.008258668
      6.778636    0.007092806
      6.778820    0.006492138
      6.779003    0.005888768
      6.779186    0.005579313
      6.779369    0.005488436
      6.779552    0.005404653
      6.779736    0.005346209
      6.779919    0.005806675
      6.780102    0.006335722
      6.780285    0.007493814
      6.780468    0.009313720
      6.780651    0.009214736
      6.780834    0.009470475
      6.781017    0.009800200
      6.781200    0.009636351
      6.781384    0.009413043
      6.781567    0.008862375
      6.781750    0.008330626
      6.781933    0.007717797
      6.782116    0.007589082
      6.782299    0.007616784
      6.782482    0.007698878
      6.782665    0.007609014
      6.782848    0.007659690
      6.783031    0.006811729
      6.783215    0.006406667
      6.783398    0.006473220
      6.783581    0.007322194
      6.783764    0.008693797
      6.783947     0.01015898
      6.784130     0.01145119
      6.784313     0.01277009
      6.784496     0.01351839
      6.784679     0.01420217
      6.784863     0.01470689
      6.785046     0.01478527
      6.785229     0.01491026
      6.785412     0.01520925
      6.785595     0.01438122
      6.785779     0.01362278
      6.785962     0.01338427
      6.786145     0.01349069
      6.786328     0.01354069
      6.786511     0.01336501
      6.786694     0.01297076
      6.786877     0.01256232
      6.787060     0.01137383
      6.787243     0.01014411
      6.787426    0.009345138
      6.787610    0.008523528
      6.787793    0.008444138
      6.787976    0.007547191
      6.788159    0.006951253
      6.788342    0.006931321
      6.788525    0.006691460
      6.788708    0.006521868
      6.788891    0.005877282
      6.789074    0.005250602
      6.789258    0.005089793
      6.789441    0.005324587
      6.789624    0.006154981
      6.789807    0.006257006
      6.789990    0.005824918
      6.790173    0.005903295
      6.790356    0.006486395
      6.790540    0.007114427
      6.790723    0.007693473
      6.790906    0.007982320
      6.791089    0.008626568
      6.791272    0.009028589
      6.791455    0.008822849
      6.791638    0.008722512
      6.791821    0.008162723
      6.792005    0.007724553
      6.792188    0.007331653
      6.792371    0.007290776
      6.792554    0.007900227
      6.792737    0.008931631
      6.792920    0.009975873
      6.793103     0.01065830
      6.793286     0.01132721
      6.793469     0.01214442
      6.793653     0.01317346
      6.793836     0.01330252
      6.794019     0.01289171
      6.794202     0.01288495
      6.794385     0.01242212
      6.794568     0.01170625
      6.794751     0.01089681
      6.794934    0.009964387
      6.795117    0.009445813
      6.795300    0.009610675
      6.795484    0.009829254
      6.795667    0.009918779
      6.795850    0.009722160
      6.796033    0.009222506
      6.796216    0.008623189
      6.796400    0.008409679
      6.796583    0.008609677
      6.796766    0.008741769
      6.796949    0.008608324
      6.797132    0.008481638
      6.797315    0.008414746
      6.797498    0.008928252
      6.797681    0.009708648
      6.797864    0.009787700
      6.798048     0.01012317
      6.798231     0.01046742
      6.798414     0.01096370
      6.798597     0.01153159
      6.798780     0.01232314
      6.798963     0.01343765
      6.799146     0.01404034
      6.799329     0.01427547
      6.799512     0.01456770
      6.799695     0.01465621
      6.799879     0.01488763
      6.800062     0.01502107
      6.800245     0.01520249
      6.800428     0.01544404
      6.800611     0.01552343
      6.800794     0.01573762
      6.800977     0.01600856
      6.801160     0.01556228
      6.801343     0.01479067
      6.801527     0.01394879
      6.801710     0.01315792
      6.801893     0.01247618
      6.802076     0.01259104
      6.802259     0.01311536
      6.802443     0.01382379
      6.802626     0.01416095
      6.802809     0.01449372
      6.802992     0.01423561
      6.803175     0.01407919
      6.803358     0.01407818
      6.803541     0.01388494
      6.803724     0.01372920
      6.803907     0.01380048
      6.804090     0.01383764
      6.804274     0.01386906
      6.804457     0.01375014
      6.804640     0.01360454
      6.804823     0.01339170
      6.805006     0.01346062
      6.805189     0.01298428
      6.805372     0.01263023
      6.805555     0.01284306
      6.805738     0.01288462
      6.805922     0.01197787
      6.806105     0.01114680
      6.806288    0.009794795
      6.806471    0.008967780
      6.806654    0.008800890
      6.806837    0.008966766
      6.807020    0.008739066
      6.807203    0.009238384
      6.807387     0.01021607
      6.807570     0.01105761
      6.807753     0.01161436
      6.807936     0.01250489
      6.808119     0.01301941
      6.808302     0.01246537
      6.808486     0.01168598
      6.808669    0.009988035
      6.808852    0.008446164
      6.809035    0.008155291
      6.809218    0.008832308
      6.809401    0.009181965
      6.809584    0.009494799
      6.809767    0.009531961
      6.809950    0.009317774
      6.810133    0.009060008
      6.810317    0.008543799
      6.810500    0.007865092
      6.810683    0.007106995
      6.810866    0.006441463
      6.811049    0.006285385
      6.811232    0.006123225
      6.811415    0.006289101
      6.811598    0.005936741
      6.811781    0.005875255
      6.811965    0.006447882
      6.812148    0.007238749
      6.812331    0.008159682
      6.812514    0.009326220
      6.812697     0.01056505
      6.812881     0.01142214
      6.813064     0.01064005
      6.813247     0.01032519
      6.813430     0.01017857
      6.813613     0.01016303
      6.813796     0.01065863
      6.813979     0.01159207
      6.814162     0.01244307
      6.814345     0.01166504
      6.814528    0.009594797
      6.814712    0.008373531
      6.814895    0.008393126
      6.815078    0.008832647
      6.815261    0.009525541
      6.815444     0.01031100
      6.815627     0.01086100
      6.815810     0.01114579
      6.815993     0.01148024
      6.816176     0.01146166
      6.816360     0.01101437
      6.816543     0.01044512
      6.816726     0.01035154
      6.816909     0.01014411
      6.817092    0.009825537
      6.817275     0.01026979
      6.817458     0.01142484
      6.817641     0.01164950
      6.817824     0.01152247
      6.818007     0.01137281
      6.818191     0.01015188
      6.818374    0.009324869
      6.818557    0.009181290
      6.818740     0.01014851
      6.818923     0.01147551
      6.819107     0.01229915
      6.819290     0.01357785
      6.819473     0.01416230
      6.819656     0.01439777
      6.819839     0.01499371
      6.820022     0.01610822
      6.820205     0.01705820
      6.820388     0.01841157
      6.820571     0.01957135
      6.820755     0.02046154
      6.820938     0.01978520
      6.821121     0.01895108
      6.821304     0.01813792
      6.821487     0.01700382
      6.821670     0.01589876
      6.821853     0.01499101
      6.822036     0.01454338
      6.822219     0.01344508
      6.822402     0.01266536
      6.822586     0.01185862
      6.822769     0.01099985
      6.822952     0.01034344
      6.823135    0.009956617
      6.823318    0.009890739
      6.823501     0.01010560
      6.823684     0.01065120
      6.823868     0.01112991
      6.824051     0.01123092
      6.824234     0.01083363
      6.824417     0.01032688
      6.824600    0.009736350
      6.824783    0.009374530
      6.824966    0.009574865
      6.825150     0.01004648
      6.825333     0.01074242
      6.825516     0.01206199
      6.825699     0.01332920
      6.825882     0.01363089
      6.826065     0.01421230
      6.826248     0.01439473
      6.826431     0.01438932
      6.826614     0.01436162
      6.826797     0.01448865
      6.826981     0.01475114
      6.827164     0.01479608
      6.827347     0.01470925
      6.827530     0.01449169
      6.827713     0.01411095
      6.827896     0.01384271
      6.828079     0.01328765
      6.828262     0.01272246
      6.828445     0.01223226
      6.828629     0.01210659
      6.828812     0.01235489
      6.828995     0.01281806
      6.829178     0.01294205
      6.829361     0.01354778
      6.829544     0.01351332
      6.829728     0.01210963
      6.829911     0.01062553
      6.830094    0.009125209
      6.830277    0.006921524
      6.830460    0.006121198
      6.830643    0.005989781
      6.830826    0.005122901
      6.831009    0.005134387
      6.831192    0.006140792
      6.831376    0.006941119
      6.831559    0.007272871
      6.831742    0.007135373
      6.831925    0.006856660
      6.832108    0.006735378
      6.832291    0.006611056
      6.832474    0.006653285
      6.832657    0.006318154
      6.832840    0.005952957
      6.833024    0.005022227
      6.833207    0.003963458
      6.833390    0.003824270
      6.833573    0.004650610
      6.833756    0.005174252
      6.833939    0.005907349
      6.834122    0.006433018
      6.834305    0.006436734
      6.834488    0.005919173
      6.834671    0.005726947
      6.834855    0.005917146
      6.835038    0.006173900
      6.835221    0.006422882
      6.835404    0.006132009
      6.835588    0.005792486
      6.835771    0.005506341
      6.835954    0.005457356
      6.836137    0.005777284
      6.836320    0.005557016
      6.836503    0.005292831
      6.836686    0.005821202
      6.836869    0.006180319
      6.837052    0.006352613
      6.837235    0.006684703
      6.837419    0.007387058
      6.837602    0.007739418
      6.837785    0.007396517
      6.837968    0.007300911
      6.838151    0.006692473
      6.838334    0.006817134
      6.838517    0.007119156
      6.838700    0.006664771
      6.838883    0.005747892
      6.839067    0.005541814
      6.839250    0.005318169
      6.839433    0.005591813
      6.839616    0.005908701
      6.839799    0.006429639
      6.839982    0.007269830
      6.840165    0.008520151
      6.840348    0.009728917
      6.840531     0.01072451
      6.840715     0.01178733
      6.840898     0.01258192
      6.841081     0.01335488
      6.841264     0.01448155
      6.841447     0.01488493
      6.841630     0.01464506
      6.841814     0.01452648
      6.841997     0.01427243
      6.842180     0.01392109
      6.842363     0.01388494
      6.842546     0.01388528
      6.842729     0.01374068
      6.842912     0.01319508
      6.843095     0.01295826
      6.843278     0.01281502
      6.843462     0.01268327
      6.843645     0.01250759
      6.843828     0.01220996
      6.844011     0.01078937
      6.844194    0.009635000
      6.844377    0.008429949
      6.844560    0.006971186
      6.844743    0.006461733
      6.844926    0.006679636
      6.845109    0.007420166
      6.845293    0.008466097
      6.845476    0.007961037
      6.845659    0.007066792
      6.845842    0.006233020
      6.846025    0.005833026
      6.846209    0.006067482
      6.846392    0.006934024
      6.846575    0.007802255
      6.846758    0.008853254
      6.846941    0.009671148
      6.847124     0.01035526
      6.847307     0.01022114
      6.847490     0.01012182
      6.847673    0.009932631
      6.847857    0.009924523
      6.848040    0.009901550
      6.848223     0.01048701
      6.848406     0.01096268
      6.848589     0.01151234
      6.848772     0.01207044
      6.848955     0.01269408
      6.849138     0.01332211
      6.849321     0.01444642
      6.849504     0.01548222
      6.849688     0.01671395
      6.849871     0.01803826
      6.850054     0.01885176
      6.850237     0.01859636
      6.850420     0.01805414
      6.850603     0.01742036
      6.850786     0.01719368
      6.850969     0.01695010
      6.851152     0.01614065
      6.851336     0.01551735
      6.851519     0.01446432
      6.851702     0.01244138
      6.851885     0.01076978
      6.852068    0.009751214
      6.852252    0.009020819
      6.852435    0.008754606
      6.852618    0.008973860
      6.852801    0.009041427
      6.852984    0.009091426
      6.853167    0.009070480
      6.853350    0.008329275
      6.853533    0.007186048
      6.853716    0.006021199
      6.853899    0.005462085
      6.854083    0.005451275
      6.854266    0.005768500
      6.854449    0.006397883
      6.854632    0.007184696
      6.854815    0.007571853
      6.854998    0.007927929
      6.855181    0.008459678
      6.855364    0.009007981
      6.855547    0.009640067
      6.855731     0.01034073
      6.855914     0.01099782
      6.856097     0.01130254
      6.856280     0.01133599
      6.856463     0.01083566
      6.856646     0.01060222
      6.856829     0.01063194
      6.857012     0.01069681
      6.857196    0.009863375
      6.857379    0.008778593
      6.857562    0.008088738
      6.857745    0.007303613
      6.857928    0.006353627
      6.858111    0.005748906
      6.858294    0.005429991
      6.858478    0.005757351
      6.858661    0.006179980
      6.858844    0.006120184
      6.859027    0.005878971
      6.859210    0.005476612
      6.859393    0.005154657
      6.859576    0.004971214
      6.859759    0.005122563
      6.859942    0.005506341
      6.860126    0.006131333
      6.860309    0.007274898
      6.860492    0.008675892
      6.860675    0.009532636
      6.860858    0.009824187
      6.861041     0.01026236
      6.861224     0.01001945
      6.861407    0.009737363
      6.861590    0.009161358
      6.861773    0.008342788
      6.861957    0.007744824
      6.862140    0.008010360
      6.862323    0.008394814
      6.862506    0.008832984
      6.862689    0.008938726
      6.862872    0.008793795
      6.863056    0.008805620
      6.863239    0.008124210
      6.863422    0.007519489
      6.863605    0.006843485
      6.863788    0.006453288
      6.863971    0.006185386
      6.864154    0.005552962
      6.864337    0.004966484
      6.864521    0.004410749
      6.864704    0.006999564
      6.864887     0.01053600
      6.865070     0.01040898
      6.865253     0.01059141
      6.865436     0.01093937
      6.865619     0.01001168
      6.865802    0.009671148
      6.865985    0.007994144
      6.866168    0.006611731
      6.866352    0.005621205
      6.866535    0.005533368
      6.866718    0.006207007
      6.866901    0.006877944
      6.867084    0.007736715
      6.867267    0.007344491
      6.867450    0.006473896
      6.867633    0.005778297
      6.867816    0.005362763
      6.868000    0.005525936
      6.868183    0.006509706
      6.868366    0.007731986
      6.868549    0.008618798
      6.868732    0.009621149
      6.868916     0.01065762
      6.869099     0.01145389
      6.869282     0.01192720
      6.869465     0.01239983
      6.869648     0.01269002
      6.869831     0.01306941
      6.870014     0.01365724
      6.870197     0.01447344
      6.870380     0.01525046
      6.870564     0.01600822
      6.870747     0.01672949
      6.870930     0.01730719
      6.871113     0.01782475
      6.871296     0.01837204
      6.871479     0.01902372
      6.871662     0.01988519
      6.871845     0.02000647
      6.872028     0.01997573
      6.872211     0.01992979
      6.872395     0.01939702
      6.872578     0.01901257
      6.872761     0.01848488
      6.872944     0.01826630
      6.873127     0.01753590
      6.873310     0.01634065
      6.873493     0.01531870
      6.873676     0.01443966
      6.873859     0.01371704
      6.874043     0.01292144
      6.874226     0.01226435
      6.874409     0.01219105
      6.874592     0.01253395
      6.874775     0.01302515
      6.874959     0.01362886
      6.875142     0.01413494
      6.875325     0.01455081
      6.875508     0.01450081
      6.875691     0.01433730
      6.875874     0.01411027
      6.876057     0.01398730
      6.876240     0.01389879
      6.876423     0.01373663
      6.876606     0.01339238
      6.876790     0.01325252
      6.876973     0.01327549
      6.877156     0.01323968
      6.877339     0.01296840
      6.877522     0.01241705
      6.877705     0.01217888
      6.877888     0.01230321
      6.878071     0.01270421
      6.878254     0.01282887
      6.878438     0.01332312
      6.878621     0.01330792
      6.878804     0.01366805
      6.878987     0.01422581
      6.879170     0.01492851
      6.879353     0.01559606
      6.879537     0.01570181
      6.879720     0.01449676
      6.879903     0.01248935
      6.880086     0.01087890
      6.880269    0.009500880
      6.880452    0.008138737
      6.880635    0.007717797
      6.880818    0.008243465
      6.881001    0.008322180
      6.881185    0.008337045
      6.881368    0.008720147
      6.881551    0.008386707
      6.881734    0.007893132
      6.881917    0.007302600
      6.882100    0.006045523
      6.882283    0.005266142
      6.882466    0.005407356
      6.882649    0.005954646
      6.882833    0.006342816
      6.883016    0.006786053
      6.883199    0.007097873
      6.883382    0.007255641
      6.883565    0.007538070
      6.883748    0.007927254
      6.883931    0.008544137
      6.884114    0.009095481
      6.884297    0.009135345
      6.884480    0.009082980
      6.884664    0.008316775
      6.884847    0.007518138
      6.885030    0.007190102
      6.885213    0.006950916
      6.885396    0.007433679
      6.885580    0.007919146
      6.885763    0.008652919
      6.885946    0.009524866
      6.886129     0.01025492
      6.886312     0.01089850
      6.886495     0.01166234
      6.886678     0.01170119
      6.886861     0.01174882
      6.887044     0.01102316
      6.887228    0.009688377
      6.887411    0.008367788
      6.887594    0.007912727
      6.887777    0.008180966
      6.887960    0.008984333
      6.888143    0.009281964
      6.888326    0.009841753
      6.888509     0.01101606
      6.888692     0.01238361
      6.888875     0.01280252
      6.889059     0.01275793
      6.889242     0.01215523
      6.889425     0.01153937
      6.889608     0.01071978
      6.889791    0.009876212
      6.889974    0.009175546
      6.890157    0.008853929
      6.890340    0.009349192
      6.890524     0.01009547
      6.890707    0.009757970
      6.890890    0.008886700
      6.891073    0.008248195
      6.891256    0.008076238
      6.891439    0.008691432
      6.891623    0.009669458
      6.891806     0.01098194
      6.891989     0.01222719
      6.892172     0.01303901
      6.892355     0.01344576
      6.892538     0.01389339
      6.892721     0.01375352
      6.892904     0.01280117
      6.893087     0.01198294
      6.893270     0.01126808
      6.893454     0.01050796
      6.893637    0.009696823
      6.893820    0.009242775
      6.894003    0.009228248
      6.894186    0.009654932
      6.894369     0.01006067
      6.894552     0.01027350
      6.894735     0.01056472
      6.894918     0.01117923
      6.895102     0.01185051
      6.895285     0.01248699
      6.895468     0.01349272
      6.895651     0.01414946
      6.895834     0.01429541
      6.896017     0.01420318
      6.896200     0.01357751
      6.896384     0.01252955
      6.896567     0.01170997
      6.896750     0.01165119
      6.896933     0.01174004
      6.897116     0.01140525
      6.897299     0.01125795
      6.897482     0.01124579
      6.897666     0.01083667
      6.897849     0.01045154
      6.898032     0.01001641
      6.898215    0.009743782
      6.898398    0.009733647
      6.898581    0.009953914
      6.898764     0.01009952
      6.898947     0.01025425
      6.899130     0.01085559
      6.899313     0.01140085
      6.899497     0.01185760
      6.899680     0.01220591
      6.899863     0.01233260
      6.900046     0.01252584
      6.900229     0.01278293
      6.900412     0.01309948
      6.900595     0.01345995
      6.900778     0.01340555
      6.900961     0.01337278
      6.901145     0.01323866
      6.901328     0.01297448
      6.901511     0.01271840
      6.901694     0.01260726
      6.901877     0.01252280
      6.902061     0.01268867
      6.902244     0.01306874
      6.902427     0.01364305
      6.902610     0.01413426
      6.902793     0.01362684
      6.902976     0.01312853
      6.903159     0.01266908
      6.903342     0.01215118
      6.903525     0.01193395
      6.903708     0.01221469
      6.903892     0.01223665
      6.904075     0.01215017
      6.904258     0.01257178
      6.904441     0.01338495
      6.904624     0.01389812
      6.904807     0.01386771
      6.904990     0.01361298
      6.905173     0.01260793
      6.905356     0.01130322
      6.905540     0.01049546
      6.905723    0.009936009
      6.905906    0.009657972
      6.906089    0.009695809
      6.906272     0.01032857
      6.906455     0.01101674
      6.906638     0.01110288
      6.906821     0.01041134
      6.907004     0.01002993
      6.907187    0.009253924
      6.907371    0.008976901
      6.907554    0.009729931
      6.907737     0.01060222
      6.907920     0.01132619
      6.908103     0.01172686
      6.908287     0.01231334
      6.908470     0.01305387
      6.908653     0.01343900
      6.908836     0.01315117
      6.909019     0.01195017
      6.909202     0.01159713
      6.909385     0.01191267
      6.909568     0.01170828
      6.909751     0.01160490
      6.909935     0.01129950
      6.910118     0.01116978
      6.910301     0.01149308
      6.910484     0.01231469
      6.910667     0.01310522
      6.910850     0.01353731
      6.911033     0.01260117
      6.911216     0.01118532
      6.911399     0.01000391
      6.911582    0.009920807
      6.911766     0.01014546
      6.911949     0.01065390
      6.912132     0.01117011
      6.912315     0.01150896
      6.912498     0.01159072
      6.912682     0.01158058
      6.912865     0.01150457
      6.913048     0.01173193
      6.913231     0.01194747
      6.913414     0.01257246
      6.913597     0.01359812
      6.913780     0.01397447
      6.913963     0.01325015
      6.914146     0.01231537
      6.914330     0.01106403
      6.914513    0.009529933
      6.914696    0.008218465
      6.914879    0.007992793
      6.915062    0.008702580
      6.915245    0.009913037
      6.915428     0.01078836
      6.915611     0.01120761
      6.915794     0.01127248
      6.915977     0.01074107
      6.916161     0.01038127
      6.916344    0.009901550
      6.916527    0.009472502
      6.916710    0.009158655
      6.916893    0.009638716
      6.917076     0.01039918
      6.917259     0.01090154
      6.917442     0.01124646
      6.917625     0.01120288
      6.917809     0.01116302
      6.917992     0.01080052
      6.918175     0.01075559
      6.918358     0.01113971
      6.918541     0.01143362
      6.918725     0.01195186
      6.918908     0.01311400
      6.919091     0.01353292
      6.919274     0.01393697
      6.919457     0.01390859
      6.919640     0.01352413
      6.919823     0.01317144
      6.920006     0.01267921
      6.920189     0.01220490
      6.920372     0.01179409
      6.920556     0.01125288
      6.920739     0.01073059
      6.920922     0.01031438
      6.921105     0.01032418
      6.921288     0.01069850
      6.921471     0.01120491
      6.921654     0.01152619
      6.921837     0.01185355
      6.922020     0.01190997
      6.922204     0.01210692
      6.922387     0.01178565
      6.922570     0.01162990
      6.922753     0.01117653
      6.922936     0.01043769
      6.923119    0.009143452
      6.923302    0.008415760
      6.923485    0.007975901
      6.923668    0.007881984
      6.923852    0.008054279
      6.924035    0.008860686
      6.924218     0.01028330
      6.924401     0.01153937
      6.924584     0.01197585
      6.924767     0.01227753
      6.924951     0.01247685
      6.925134     0.01231604
      6.925317     0.01169105
      6.925500     0.01089512
      6.925683     0.01016607
      6.925866    0.009399868
      6.926049    0.009089399
      6.926232    0.009478245
      6.926415    0.009966752
      6.926599     0.01005053
      6.926782    0.009913037
      6.926965    0.009558987
      6.927148    0.008756296
      6.927331    0.008289411
      6.927514    0.008443463
      6.927697    0.009285342
      6.927880     0.01044850
      6.928063     0.01166132
      6.928246     0.01163294
      6.928430     0.01078667
      6.928613     0.01033634
      6.928796     0.01055289
      6.928979     0.01096099
      6.929162     0.01157923
      6.929345     0.01270759
      6.929528     0.01403798
      6.929712     0.01540755
      6.929895     0.01648524
      6.930078     0.01706125
      6.930261     0.01599471
      6.930444     0.01474979
      6.930627     0.01351772
      6.930810     0.01238665
      6.930994     0.01125423
      6.931177     0.01107451
      6.931360     0.01132383
      6.931543     0.01146301
      6.931726     0.01100829
      6.931909     0.01041370
      6.932092     0.01019648
      6.932275     0.01046742
      6.932458     0.01101268
      6.932642     0.01139781
      6.932825     0.01187585
      6.933008     0.01087113
      6.933191    0.009842766
      6.933374    0.009813038
      6.933557     0.01004445
      6.933740    0.009688039
      6.933923    0.009353585
      6.934106    0.009285680
      6.934289    0.009691417
      6.934473     0.01022384
      6.934656     0.01099917
      6.934839     0.01113802
      6.935022     0.01139038
      6.935205     0.01184645
      6.935389     0.01191470
      6.935572     0.01197449
      6.935755     0.01227280
      6.935938     0.01315894
      6.936121     0.01384575
      6.936304     0.01450284
      6.936487     0.01464608
      6.936670     0.01402953
      6.936853     0.01367312
      6.937037     0.01348663
      6.937220     0.01376839
      6.937403     0.01383832
      6.937586     0.01359373
      6.937769     0.01300218
      6.937952     0.01244949
      6.938135     0.01194916
      6.938318     0.01144139
      6.938501     0.01045256
      6.938684    0.009855605
      6.938868    0.009149196
      6.939051    0.008752580
      6.939234    0.008398531
      6.939417    0.007941104
      6.939600    0.008100224
      6.939783    0.008054954
      6.939966    0.007825227
      6.940149    0.007963063
      6.940332    0.006976929
      6.940516    0.006294506
      6.940699    0.006386735
      6.940882    0.006267480
      6.941065    0.006742473
      6.941248    0.007497192
      6.941432    0.008308667
      6.941615    0.008311708
      6.941798    0.007588069
      6.941981    0.006775580
      6.942164    0.006090117
      6.942347    0.005149252
      6.942530    0.004963106
      6.942713    0.005387424
      6.942896    0.006036402
      6.943079    0.006435720
      6.943263    0.006355316
      6.943446    0.006735716
      6.943629    0.007328276
      6.943812    0.007856308
      6.943995    0.008288059
      6.944178    0.008543123
      6.944361    0.009150209
      6.944544    0.009414056
      6.944727    0.008422516
      6.944911    0.007558677
      6.945094    0.006704297
      6.945277    0.006212413
      6.945460    0.006583015
      6.945643    0.007237736
      6.945826    0.008356639
      6.946010    0.009108655
      6.946193     0.01017790
      6.946376    0.008721499
      6.946559    0.007477597
      6.946742    0.007259357
      6.946925    0.007372869
      6.947108    0.007564758
      6.947291    0.007760026
      6.947474    0.008161372
      6.947658    0.008494813
      6.947841    0.008800890
      6.948024    0.008261370
      6.948207    0.007699216
      6.948390    0.007200913
      6.948573    0.007572867
      6.948756    0.008555961
      6.948939    0.008978928
      6.949122    0.009104602
      6.949306    0.008699202
      6.949489    0.007887390
      6.949672    0.006815445
      6.949855    0.006262412
      6.950038    0.006332681
      6.950221    0.006897538
      6.950404    0.007659014
      6.950587    0.008989738
      6.950770     0.01006607
      6.950953     0.01048364
      6.951137     0.01051911
      6.951320     0.01036877
      6.951503     0.01003026
      6.951686    0.009468785
      6.951869    0.009330950
      6.952053     0.01019006
      6.952236     0.01013837
      6.952419    0.009950198
      6.952602    0.009626553
      6.952785    0.008794471
      6.952968    0.008122521
      6.953151    0.007742459
      6.953334    0.007484016
      6.953517    0.007631312
      6.953701    0.007875903
      6.953884    0.008492786
      6.954067    0.008600892
      6.954250    0.008628595
      6.954433    0.008596163
      6.954616    0.008642446
      6.954799    0.008478935
      6.954982    0.008207993
      6.955165    0.007666446
      6.955348    0.007913402
      6.955532    0.008204952
      6.955715    0.008699202
      6.955898    0.009451218
      6.956081    0.009867091
      6.956264    0.009821484
      6.956447    0.009519123
      6.956630    0.009667769
      6.956813     0.01001675
      6.956996     0.01012418
      6.957180     0.01068600
      6.957363     0.01059309
      6.957546    0.009990400
      6.957729     0.01023229
      6.957912     0.01018668
      6.958096     0.01016506
      6.958279     0.01015661
      6.958462     0.01046066
      6.958645     0.01106370
      6.958828     0.01191335
      6.959011     0.01227888
      6.959194     0.01214645
      6.959377     0.01095491
      6.959560    0.009655270
      6.959743    0.008797173
      6.959927    0.008343464
      6.960110    0.008380625
      6.960293    0.008812714
      6.960476    0.009793781
      6.960659     0.01083870
      6.960842     0.01163599
      6.961025     0.01247955
      6.961208     0.01378427
      6.961391     0.01487006
      6.961575     0.01552174
      6.961758     0.01620383
      6.961941     0.01722476
      6.962124     0.01734908
      6.962307     0.01697071
      6.962490     0.01662510
      6.962673     0.01561566
      6.962856     0.01436601
      6.963040     0.01277212
      6.963223     0.01144477
      6.963406     0.01278360
      6.963589     0.01498526
      6.963772     0.02213989
      6.963955     0.02087369
      6.964139     0.02163078
      6.964322     0.02187604
      6.964505     0.02174361
      6.964688     0.02185307
      6.964871       0.000000
      6.965054       0.000000
      6.965237       0.000000
      6.965420       0.000000
      6.965603       0.000000
