      6.637816      0.9665156
      6.638000      0.9979476
      6.638183      0.9990686
      6.638366       1.003417
      6.638549       1.000586
      6.638732      0.9988648
      6.638915      0.9992951
      6.639098      0.9978571
      6.639281       1.000676
      6.639464      0.9977099
      6.639647      0.9960341
      6.639831      0.9955133
      6.640014      0.9964530
      6.640197      0.9991026
      6.640380       1.001514
      6.640563       1.002681
      6.640747       1.001684
      6.640930      0.9988308
      6.641113      0.9952642
      6.641296      0.9921504
      6.641479      0.9892970
      6.641662      0.9861493
      6.641845      0.9864324
      6.642028      0.9889687
      6.642211      0.9903840
      6.642395      0.9902595
      6.642578      0.9891951
      6.642761      0.9872363
      6.642944      0.9863757
      6.643127      0.9860474
      6.643310      0.9865456
      6.643493      0.9860814
      6.643676      0.9842584
      6.643859      0.9814163
      6.644042      0.9795141
      6.644226      0.9769325
      6.644409      0.9730941
      6.644592      0.9684858
      6.644775      0.9625979
      6.644958      0.9546154
      6.645141      0.9431114
      6.645324      0.9300562
      6.645507      0.9168539
      6.645690      0.9019305
      6.645874      0.8852633
      6.646057      0.8662863
      6.646240      0.8436521
      6.646423      0.8170775
      6.646606      0.7871061
      6.646790      0.7537718
      6.646973      0.7189996
      6.647156      0.6849859
      6.647339      0.6574715
      6.647522      0.6356978
      6.647705      0.6198459
      6.647888      0.6116596
      6.648071      0.6100065
      6.648254      0.6170605
      6.648438      0.6317915
      6.648621      0.6499306
      6.648804      0.6749313
      6.648987      0.7031590
      6.649170      0.7338211
      6.649353      0.7656608
      6.649536      0.7977722
      6.649719      0.8270416
      6.649902      0.8538200
      6.650085      0.8757408
      6.650269      0.8893055
      6.650452      0.9011039
      6.650635      0.9109547
      6.650818      0.9168992
      6.651001      0.9230701
      6.651184      0.9301921
      6.651367      0.9368273
      6.651550      0.9434397
      6.651734      0.9501655
      6.651917      0.9557023
      6.652100      0.9603333
      6.652283      0.9640245
      6.652466      0.9675913
      6.652649      0.9714750
      6.652833      0.9742151
      6.653016      0.9737055
      6.653199      0.9756304
      6.653382      0.9774647
      6.653565      0.9773402
      6.653748      0.9753021
      6.653931      0.9759135
      6.654114      0.9767627
      6.654297      0.9775892
      6.654480      0.9777818
      6.654664      0.9785631
      6.654847      0.9792651
      6.655030      0.9803407
      6.655213      0.9815183
      6.655396      0.9832394
      6.655579      0.9860021
      6.655762      0.9890140
      6.655945      0.9909955
      6.656128      0.9933393
      6.656312      0.9969739
      6.656495      0.9998159
      6.656678       1.001843
      6.656861       1.003960
      6.657044       1.006632
      6.657227       1.007595
      6.657411       1.007164
      6.657594       1.006326
      6.657777       1.005398
      6.657960       1.002477
      6.658143      0.9988987
      6.658326      0.9964983
      6.658509      0.9962492
      6.658692      0.9958416
      6.658875      0.9956604
      6.659059      0.9952075
      6.659242      0.9937356
      6.659425      0.9920372
      6.659608      0.9921730
      6.659791      0.9930562
      6.659974      0.9933506
      6.660157      0.9941658
      6.660340      0.9943923
      6.660523      0.9934412
      6.660707      0.9933619
      6.660890      0.9955585
      6.661073      0.9975060
      6.661256      0.9973928
      6.661439      0.9965663
      6.661622      0.9956378
      6.661805      0.9954227
      6.661988      0.9938148
      6.662171      0.9909162
      6.662354      0.9882101
      6.662538      0.9866135
      6.662721      0.9851982
      6.662904      0.9853114
      6.663087      0.9887649
      6.663270      0.9925467
      6.663454      0.9943810
      6.663637      0.9950830
      6.663820      0.9966229
      6.664003      0.9963285
      6.664186      0.9968606
      6.664369      0.9974495
      6.664552      0.9983213
      6.664735      0.9990120
      6.664918      0.9997480
      6.665102       1.000484
      6.665285       1.001220
      6.665468       1.001843
      6.665651       1.002420
      6.665834       1.003134
      6.666017       1.002669
      6.666200       1.001809
      6.666383       1.001322
      6.666566       1.000892
      6.666749      0.9993743
      6.666933      0.9970871
      6.667116      0.9952302
      6.667299      0.9946867
      6.667482      0.9943130
      6.667665      0.9954906
      6.667848      0.9959435
      6.668031      0.9960907
      6.668214      0.9971324
      6.668398      0.9987289
      6.668581      0.9997367
      6.668764       1.001310
      6.668947       1.002545
      6.669130       1.002205
      6.669313       1.002477
      6.669497       1.002420
      6.669680       1.001118
      6.669863      0.9999291
      6.670046      0.9968719
      6.670229      0.9927845
      6.670412      0.9888668
      6.670595      0.9899198
      6.670778      0.9910407
      6.670961      0.9920485
      6.671144      0.9923428
      6.671328      0.9939507
      6.671511      0.9957623
      6.671694      0.9983553
      6.671877       1.000495
      6.672060       1.004571
      6.672243       1.008602
      6.672426       1.011773
      6.672609       1.013313
      6.672792       1.014037
      6.672976       1.014400
      6.673159       1.012022
      6.673342       1.010131
      6.673525       1.009553
      6.673708       1.008161
      6.673891       1.006326
      6.674075       1.004254
      6.674258       1.003371
      6.674441       1.001118
      6.674624      0.9983892
      6.674807      0.9940866
      6.674990      0.9902029
      6.675173      0.9861493
      6.675356      0.9818919
      6.675539      0.9784498
      6.675723      0.9742377
      6.675906      0.9701955
      6.676089      0.9660287
      6.676272      0.9604013
      6.676455      0.9525319
      6.676638      0.9440739
      6.676821      0.9355139
      6.677004      0.9274520
      6.677187      0.9214736
      6.677371      0.9187788
      6.677554      0.9189599
      6.677737      0.9198657
      6.677920      0.9225153
      6.678103      0.9258555
      6.678286      0.9282672
      6.678469      0.9305205
      6.678652      0.9339852
      6.678835      0.9374274
      6.679018      0.9389786
      6.679202      0.9385370
      6.679385      0.9375972
      6.679568      0.9348911
      6.679751      0.9299543
      6.679935      0.9215302
      6.680118      0.9113736
      6.680301      0.8996432
      6.680484      0.8843348
      6.680667      0.8692303
      6.680850      0.8554391
      6.681033      0.8435276
      6.681216      0.8329067
      6.681399      0.8284116
      6.681582      0.8289891
      6.681766      0.8340051
      6.681949      0.8449542
      6.682132      0.8578169
      6.682315      0.8748010
      6.682498      0.8929402
      6.682681      0.9105811
      6.682864      0.9237494
      6.683047      0.9353327
      6.683230      0.9433945
      6.683414      0.9485916
      6.683597      0.9533925
      6.683780      0.9568686
      6.683963      0.9598691
      6.684146      0.9629942
      6.684329      0.9653153
      6.684512      0.9665383
      6.684695      0.9684178
      6.684878      0.9711126
      6.685061      0.9719732
      6.685245      0.9715203
      6.685428      0.9710334
      6.685611      0.9679422
      6.685794      0.9617714
      6.685977      0.9550116
      6.686161      0.9436549
      6.686344      0.9298524
      6.686527      0.9150535
      6.686710      0.8957708
      6.686893      0.8756390
      6.687076      0.8558694
      6.687259      0.8348203
      6.687442      0.8124012
      6.687625      0.7926543
      6.687809      0.7740623
      6.687992      0.7576329
      6.688175      0.7463441
      6.688358      0.7390295
      6.688541      0.7382936
      6.688724      0.7438757
      6.688907      0.7538624
      6.689090      0.7696350
      6.689273      0.7889743
      6.689456      0.8111217
      6.689640      0.8339371
      6.689823      0.8573413
      6.690006      0.8784583
      6.690189      0.8970843
      6.690372      0.9128343
      6.690555      0.9267273
      6.690739      0.9383445
      6.690922      0.9475726
      6.691105      0.9542870
      6.691288      0.9607863
      6.691471      0.9649304
      6.691654      0.9672515
      6.691837      0.9691538
      6.692020      0.9710221
      6.692204      0.9712032
      6.692387      0.9721317
      6.692570      0.9723921
      6.692753      0.9733433
      6.692936      0.9751889
      6.693119      0.9776232
      6.693302      0.9790499
      6.693485      0.9830356
      6.693668      0.9872816
      6.693851      0.9917201
      6.694035      0.9957737
      6.694218      0.9985251
      6.694401      0.9997933
      6.694584      0.9997706
      6.694767      0.9975740
      6.694950      0.9962039
      6.695133      0.9951169
      6.695316      0.9934751
      6.695499      0.9922636
      6.695683      0.9938035
      6.695866      0.9954566
      6.696049      0.9973136
      6.696232      0.9996574
      6.696415       1.000608
      6.696599      0.9984006
      6.696782      0.9951736
      6.696965      0.9911540
      6.697148      0.9882101
      6.697331      0.9868966
      6.697514      0.9881082
      6.697697      0.9916974
      6.697880      0.9960228
      6.698063      0.9996347
      6.698246       1.003009
      6.698430       1.005228
      6.698613       1.004232
      6.698796       1.002850
      6.698979       1.000450
      6.699162      0.9983553
      6.699345      0.9967361
      6.699528      0.9961587
      6.699711      0.9958869
      6.699894      0.9967588
      6.700078      0.9987176
      6.700261      0.9996234
      6.700444       1.002160
      6.700627       1.003394
      6.700810       1.004673
      6.700993       1.005172
      6.701176       1.005964
      6.701359       1.004402
      6.701542       1.001401
      6.701726      0.9996461
      6.701909      0.9982194
      6.702092      0.9963738
      6.702275      0.9945621
      6.702458      0.9956378
      6.702641      0.9968380
      6.702825      0.9980269
      6.703008      0.9992271
      6.703191       1.000427
      6.703374       1.001616
      6.703557       1.002816
      6.703740       1.003903
      6.703923       1.004413
      6.704106       1.004051
      6.704289       1.002941
      6.704473       1.001175
      6.704656      0.9993517
      6.704839      0.9996234
      6.705022       1.000076
      6.705205      0.9993404
      6.705388      0.9990573
      6.705571      0.9988987
      6.705754      0.9976419
      6.705937      0.9961020
      6.706120      0.9979137
      6.706304      0.9974834
      6.706487      0.9971211
      6.706670      0.9959322
      6.706853      0.9946641
      6.707036      0.9928184
      6.707219      0.9923768
      6.707403      0.9911766
      6.707586      0.9892857
      6.707769      0.9879609
      6.707952      0.9866475
      6.708135      0.9862512
      6.708318      0.9875194
      6.708501      0.9890819
      6.708684      0.9886516
      6.708868      0.9872816
      6.709051      0.9870098
      6.709234      0.9870891
      6.709417      0.9862626
      6.709600      0.9846773
      6.709783      0.9869080
      6.709966      0.9871231
      6.710149      0.9867721
      6.710332      0.9862965
      6.710515      0.9855605
      6.710699      0.9828430
      6.710882      0.9820731
      6.711065      0.9821863
      6.711248      0.9798425
      6.711431      0.9766382
      6.711614      0.9744868
      6.711797      0.9740566
      6.711980      0.9731507
      6.712163      0.9715316
      6.712347      0.9698445
      6.712530      0.9684405
      6.712713      0.9659947
      6.712896      0.9645907
      6.713079      0.9618393
      6.713263      0.9578650
      6.713446      0.9535058
      6.713629      0.9502788
      6.713812      0.9496220
      6.713995      0.9488407
      6.714178      0.9462365
      6.714361      0.9430321
      6.714544      0.9387295
      6.714727      0.9296600
      6.714911      0.9169218
      6.715094      0.9041724
      6.715277      0.8905171
      6.715460      0.8746991
      6.715643      0.8569224
      6.715826      0.8375831
      6.716009      0.8160018
      6.716192      0.7883403
      6.716375      0.7584708
      6.716558      0.7263933
      6.716742      0.6918475
      6.716925      0.6561015
      6.717108      0.6191779
      6.717291      0.5823336
      6.717474      0.5475047
      6.717657      0.5166161
      6.717840      0.4881280
      6.718023      0.4652560
      6.718206      0.4491210
      6.718390      0.4359186
      6.718573      0.4288306
      6.718756      0.4250261
      6.718939      0.4232485
      6.719122      0.4250601
      6.719306      0.4290684
      6.719489      0.4377756
      6.719672      0.4507628
      6.719855      0.4666940
      6.720038      0.4868372
      6.720221      0.5093809
      6.720404      0.5335777
      6.720587      0.5599824
      6.720770      0.5860134
      6.720953      0.6113765
      6.721137      0.6340107
      6.721320      0.6535199
      6.721503      0.6689076
      6.721686      0.6808870
      6.721869      0.6899566
      6.722052      0.6970560
      6.722235      0.7032156
      6.722418      0.7080391
      6.722601      0.7122399
      6.722785      0.7158179
      6.722968      0.7186486
      6.723151      0.7227247
      6.723334      0.7273671
      6.723517      0.7316358
      6.723700      0.7352251
      6.723883      0.7390069
      6.724067      0.7415885
      6.724250      0.7401279
      6.724433      0.7328473
      6.724616      0.7195883
      6.724799      0.7014832
      6.724982      0.6747388
      6.725165      0.6451863
      6.725348      0.6140940
      6.725532      0.5826280
      6.725715      0.5524641
      6.725898      0.5268519
      6.726081      0.5068446
      6.726264      0.4933704
      6.726447      0.4909021
      6.726630      0.4961559
      6.726813      0.5096073
      6.726996      0.5300789
      6.727180      0.5549437
      6.727363      0.5828884
      6.727546      0.6127239
      6.727729      0.6395249
      6.727912      0.6622044
      6.728095      0.6814306
      6.728278      0.6970220
      6.728461      0.7065445
      6.728644      0.7126927
      6.728827      0.7162142
      6.729011      0.7150705
      6.729194      0.7109491
      6.729377      0.7041667
      6.729560      0.6968862
      6.729743      0.6917683
      6.729927      0.6949273
      6.730110      0.7027061
      6.730293      0.7160783
      6.730476      0.7355987
      6.730659      0.7586067
      6.730842      0.7844339
      6.731025      0.8126390
      6.731208      0.8377190
      6.731391      0.8576584
      6.731575      0.8761938
      6.731758      0.8922155
      6.731941      0.9030967
      6.732124      0.9121209
      6.732307      0.9197751
      6.732490      0.9242250
      6.732673      0.9258329
      6.732856      0.9273048
      6.733039      0.9279502
      6.733222      0.9292070
      6.733406      0.9292184
      6.733589      0.9285390
      6.733772      0.9277011
      6.733955      0.9266028
      6.734138      0.9228436
      6.734321      0.9175672
      6.734504      0.9111133
      6.734687      0.9026438
      6.734870      0.8918758
      6.735054      0.8809493
      6.735237      0.8695699
      6.735420      0.8565601
      6.735603      0.8383417
      6.735786      0.8167831
      6.735970      0.7936394
      6.736153      0.7693973
      6.736336      0.7432643
      6.736519      0.7174710
      6.736702      0.6938064
      6.736885      0.6721459
      6.737068      0.6525462
      6.737251      0.6364565
      6.737434      0.6264358
      6.737617      0.6220878
      6.737801      0.6253375
      6.737984      0.6356865
      6.738167      0.6510628
      6.738350      0.6709343
      6.738533      0.6902736
      6.738716      0.7075295
      6.738899      0.7209924
      6.739082      0.7315905
      6.739265      0.7366291
      6.739449      0.7365159
      6.739632      0.7319189
      6.739815      0.7227247
      6.739998      0.7086732
      6.740181      0.6903756
      6.740364      0.6708438
      6.740547      0.6507005
      6.740731      0.6300365
      6.740914      0.6104254
      6.741097      0.5944716
      6.741280      0.5826733
      6.741463      0.5776799
      6.741646      0.5786084
      6.741829      0.5858889
      6.742013      0.5979024
      6.742196      0.6141959
      6.742379      0.6341806
      6.742562      0.6566903
      6.742745      0.6810343
      6.742928      0.7068955
      6.743111      0.7326548
      6.743294      0.7565006
      6.743477      0.7777195
      6.743660      0.7945905
      6.743844      0.8077136
      6.744027      0.8191609
      6.744210      0.8286607
      6.744393      0.8342088
      6.744576      0.8401873
      6.744759      0.8448523
      6.744942      0.8496644
      6.745125      0.8542842
      6.745308      0.8608288
      6.745492      0.8655843
      6.745675      0.8675205
      6.745858      0.8687094
      6.746041      0.8698643
      6.746224      0.8734083
      6.746408      0.8782659
      6.746591      0.8865654
      6.746774      0.8959407
      6.746957      0.9051801
      6.747140      0.9124606
      6.747323      0.9198544
      6.747506      0.9273840
      6.747689      0.9338720
      6.747872      0.9399524
      6.748055      0.9444135
      6.748239      0.9483765
      6.748422      0.9514563
      6.748605      0.9561892
      6.748788      0.9612279
      6.748971      0.9649531
      6.749154      0.9673761
      6.749337      0.9691991
      6.749520      0.9703087
      6.749703      0.9710560
      6.749887      0.9740453
      6.750070      0.9773741
      6.750253      0.9799784
      6.750436      0.9817901
      6.750619      0.9834545
      6.750802      0.9847792
      6.750985      0.9858775
      6.751168      0.9875081
      6.751351      0.9890479
      6.751534      0.9910860
      6.751718      0.9909162
      6.751901      0.9894896
      6.752084      0.9879723
      6.752267      0.9876440
      6.752450      0.9881988
      6.752634      0.9889008
      6.752817      0.9889460
      6.753000      0.9888895
      6.753183      0.9888442
      6.753366      0.9887989
      6.753549      0.9887536
      6.753732      0.9886969
      6.753915      0.9886516
      6.754098      0.9886063
      6.754282      0.9886063
      6.754465      0.9888895
      6.754648      0.9899877
      6.754831      0.9913465
      6.755014      0.9927845
      6.755197      0.9936336
      6.755380      0.9938488
      6.755563      0.9930788
      6.755746      0.9912106
      6.755929      0.9896027
      6.756113      0.9886969
      6.756296      0.9895462
      6.756479      0.9905992
      6.756662      0.9917767
      6.756845      0.9923202
      6.757028      0.9920598
      6.757211      0.9881648
      6.757395      0.9817334
      6.757578      0.9744302
      6.757761      0.9699917
      6.757944      0.9665722
      6.758127      0.9612845
      6.758310      0.9555551
      6.758493      0.9487615
      6.758677      0.9406317
      6.758860      0.9306903
      6.759043      0.9200583
      6.759226      0.9096073
      6.759409      0.8995187
      6.759592      0.8890451
      6.759775      0.8802246
      6.759958      0.8731366
      6.760141      0.8665920
      6.760324      0.8594587
      6.760508      0.8529707
      6.760691      0.8478189
      6.760874      0.8442748
      6.761057      0.8395306
      6.761240      0.8357601
      6.761423      0.8317292
      6.761606      0.8270189
      6.761789      0.8212783
      6.761972      0.8146205
      6.762156      0.8077249
      6.762339      0.8011916
      6.762522      0.7949414
      6.762705      0.7911596
      6.762888      0.7922240
      6.763072      0.7958246
      6.763255      0.8012256
      6.763438      0.8115860
      6.763621      0.8254904
      6.763804      0.8411384
      6.763987      0.8585302
      6.764170      0.8759333
      6.764353      0.8929741
      6.764536      0.9088033
      6.764719      0.9221982
      6.764903      0.9337022
      6.765086      0.9436662
      6.765269      0.9510600
      6.765452      0.9571856
      6.765635      0.9641491
      6.765818      0.9698445
      6.766001      0.9748265
      6.766184      0.9769439
      6.766367      0.9775326
      6.766551      0.9767514
      6.766734      0.9768533
      6.766917      0.9770797
      6.767100      0.9784725
      6.767283      0.9802841
      6.767466      0.9828883
      6.767649      0.9839640
      6.767832      0.9845868
      6.768015      0.9852322
      6.768198      0.9845980
      6.768382      0.9824921
      6.768565      0.9798199
      6.768748      0.9772043
      6.768931      0.9720978
      6.769114      0.9665496
      6.769298      0.9592577
      6.769481      0.9494748
      6.769664      0.9354686
      6.769847      0.9205451
      6.770030      0.9058934
      6.770213      0.8914229
      6.770396      0.8766693
      6.770579      0.8645539
      6.770762      0.8522347
      6.770946      0.8434483
      6.771129      0.8387606
      6.771312      0.8385342
      6.771495      0.8400854
      6.771678      0.8443767
      6.771861      0.8514082
      6.772044      0.8620403
      6.772227      0.8736122
      6.772410      0.8850821
      6.772593      0.8977976
      6.772777      0.9104905
      6.772960      0.9217113
      6.773143      0.9324340
      6.773326      0.9438814
      6.773509      0.9510826
      6.773692      0.9569252
      6.773875      0.9638435
      6.774059      0.9714977
      6.774242      0.9778157
      6.774425      0.9834884
      6.774608      0.9876440
      6.774791      0.9894103
      6.774974      0.9913012
      6.775157      0.9925467
      6.775341      0.9926373
      6.775524      0.9927392
      6.775707      0.9909049
      6.775890      0.9862626
      6.776073      0.9815183
      6.776256      0.9751662
      6.776439      0.9687122
      6.776622      0.9627451
      6.776805      0.9609674
      6.776989      0.9568233
      6.777172      0.9510034
      6.777355      0.9437455
      6.777538      0.9326491
      6.777721      0.9174087
      6.777904      0.8984996
      6.778087      0.8781526
      6.778270      0.8559033
      6.778453      0.8325558
      6.778636      0.8046111
      6.778820      0.7757720
      6.779003      0.7442607
      6.779186      0.7116284
      6.779369      0.6785093
      6.779552      0.6461261
      6.779736      0.6152376
      6.779919      0.5875760
      6.780102      0.5652701
      6.780285      0.5479463
      6.780468      0.5370877
      6.780651      0.5369518
      6.780834      0.5425566
      6.781017      0.5533812
      6.781200      0.5679083
      6.781384      0.5847566
      6.781567      0.6045262
      6.781750      0.6243411
      6.781933      0.6434653
      6.782116      0.6627140
      6.782299      0.6796302
      6.782482      0.6921419
      6.782665      0.7001471
      6.782848      0.7047328
      6.783031      0.7043592
      6.783215      0.7025136
      6.783398      0.7002377
      6.783581      0.6969767
      6.783764      0.6933535
      6.783947      0.6914173
      6.784130      0.6876694
      6.784313      0.6830271
      6.784496      0.6796868
      6.784679      0.6757239
      6.784863      0.6701304
      6.785046      0.6627933
      6.785229      0.6531576
      6.785412      0.6420273
      6.785595      0.6315084
      6.785779      0.6219067
      6.785962      0.6123050
      6.786145      0.6020691
      6.786328      0.5923316
      6.786511      0.5834318
      6.786694      0.5746907
      6.786877      0.5668440
      6.787060      0.5634924
      6.787243      0.5642284
      6.787426      0.5696181
      6.787610      0.5827639
      6.787793      0.5998725
      6.787976      0.6219746
      6.788159      0.6475301
      6.788342      0.6757805
      6.788525      0.7045517
      6.788708      0.7321793
      6.788891      0.7576895
      6.789074      0.7796217
      6.789258      0.7985308
      6.789441      0.8142581
      6.789624      0.8283663
      6.789807      0.8397457
      6.789990      0.8482831
      6.790173      0.8563223
      6.790356      0.8644633
      6.790540      0.8715401
      6.790723      0.8787527
      6.790906      0.8855124
      6.791089      0.8909020
      6.791272      0.8962125
      6.791455      0.8995526
      6.791638      0.9028476
      6.791821      0.9042969
      6.792005      0.9059387
      6.792188      0.9047272
      6.792371      0.9029268
      6.792554      0.8981147
      6.792737      0.8914908
      6.792920      0.8825685
      6.793103      0.8713929
      6.793286      0.8575678
      6.793469      0.8411271
      6.793653      0.8228521
      6.793836      0.8006821
      6.794019      0.7746511
      6.794202      0.7479406
      6.794385      0.7196563
      6.794568      0.6907379
      6.794751      0.6615590
      6.794934      0.6328558
      6.795117      0.6043224
      6.795300      0.5776007
      6.795484      0.5518753
      6.795667      0.5265236
      6.795850      0.5014323
      6.796033      0.4773600
      6.796216      0.4519291
      6.796400      0.4255017
      6.796583      0.3996065
      6.796766      0.3767118
      6.796949      0.3546664
      6.797132      0.3355988
      6.797315      0.3205734
      6.797498      0.3069182
      6.797681      0.2958898
      6.797864      0.2887564
      6.798048      0.2830837
      6.798231      0.2782602
      6.798414      0.2748068
      6.798597      0.2726781
      6.798780      0.2723610
      6.798963      0.2725875
      6.799146      0.2764599
      6.799329      0.2825176
      6.799512      0.2894245
      6.799695      0.2978939
      6.799879      0.3064992
      6.800062      0.3174144
      6.800245      0.3307073
      6.800428      0.3456421
      6.800611      0.3605882
      6.800794      0.3750927
      6.800977      0.3868570
      6.801160      0.3959266
      6.801343      0.4027089
      6.801527      0.4047470
      6.801710      0.4047697
      6.801893      0.4040450
      6.802076      0.4014181
      6.802259      0.3991989
      6.802443      0.3992102
      6.802626      0.4022220
      6.802809      0.4067285
      6.802992      0.4151980
      6.803175      0.4255470
      6.803358      0.4379794
      6.803541      0.4515441
      6.803724      0.4670450
      6.803907      0.4820930
      6.804090      0.4964389
      6.804274      0.5093582
      6.804457      0.5219265
      6.804640      0.5340985
      6.804823      0.5453647
      6.805006      0.5545361
      6.805189      0.5646134
      6.805372      0.5770118
      6.805555      0.5917994
      6.805738      0.6101536
      6.805922      0.6331615
      6.806105      0.6582302
      6.806288      0.6868202
      6.806471      0.7165312
      6.806654      0.7458459
      6.806837      0.7722506
      6.807020      0.7944206
      6.807203      0.8127295
      6.807387      0.8278681
      6.807570      0.8399042
      6.807753      0.8469923
      6.807936      0.8508194
      6.808119      0.8496758
      6.808302      0.8437200
      6.808486      0.8337560
      6.808669      0.8220482
      6.808852      0.8088571
      6.809035      0.7938545
      6.809218      0.7772666
      6.809401      0.7592974
      6.809584      0.7408525
      6.809767      0.7236872
      6.809950      0.7086845
      6.810133      0.6981543
      6.810317      0.6923910
      6.810500      0.6917343
      6.810683      0.6970900
      6.810866      0.7076994
      6.811049      0.7239023
      6.811232      0.7444985
      6.811415      0.7678913
      6.811598      0.7935035
      6.811781      0.8198856
      6.811965      0.8450674
      6.812148      0.8680753
      6.812331      0.8883091
      6.812514      0.9055310
      6.812697      0.9193336
      6.812881      0.9309621
      6.813064      0.9376651
      6.813247      0.9436549
      6.813430      0.9492710
      6.813613      0.9559175
      6.813796      0.9617600
      6.813979      0.9659155
      6.814162      0.9673082
      6.814345      0.9661759
      6.814528      0.9637189
      6.814712      0.9601069
      6.814895      0.9560760
      6.815078      0.9524301
      6.815261      0.9486709
      6.815444      0.9442210
      6.815627      0.9417300
      6.815810      0.9405864
      6.815993      0.9393523
      6.816176      0.9381407
      6.816360      0.9372009
      6.816543      0.9352421
      6.816726      0.9353666
      6.816909      0.9380049
      6.817092      0.9403486
      6.817275      0.9431341
      6.817458      0.9458742
      6.817641      0.9459421
      6.817824      0.9438474
      6.818007      0.9407563
      6.818191      0.9320037
      6.818374      0.9213037
      6.818557      0.9100035
      6.818740      0.8967786
      6.818923      0.8813343
      6.819107      0.8627989
      6.819290      0.8439804
      6.819473      0.8234636
      6.819656      0.8022560
      6.819839      0.7789876
      6.820022      0.7531264
      6.820205      0.7254196
      6.820388      0.6984827
      6.820571      0.6726101
      6.820755      0.6467715
      6.820938      0.6238995
      6.821121      0.6039601
      6.821304      0.5877911
      6.821487      0.5759475
      6.821670      0.5673875
      6.821853      0.5639793
      6.822036      0.5633000
      6.822219      0.5630848
      6.822402      0.5664703
      6.822586      0.5704673
      6.822769      0.5746341
      6.822952      0.5795369
      6.823135      0.5840659
      6.823318      0.5876552
      6.823501      0.5910408
      6.823684      0.5953661
      6.823868      0.5993630
      6.824051      0.6040506
      6.824234      0.6095082
      6.824417      0.6164944
      6.824600      0.6252469
      6.824783      0.6366829
      6.824966      0.6507571
      6.825150      0.6681603
      6.825333      0.6889828
      6.825516      0.7108698
      6.825699      0.7336625
      6.825882      0.7563761
      6.826065      0.7790669
      6.826248      0.8013162
      6.826431      0.8233277
      6.826614      0.8442975
      6.826797      0.8641689
      6.826981      0.8835989
      6.827164      0.9009114
      6.827347      0.9157782
      6.827530      0.9288107
      6.827713      0.9408469
      6.827896      0.9509355
      6.828079      0.9579782
      6.828262      0.9647605
      6.828445      0.9711126
      6.828629      0.9755738
      6.828812      0.9798199
      6.828995      0.9847113
      6.829178      0.9871683
      6.829361      0.9885384
      6.829544      0.9913238
      6.829728      0.9932374
      6.829911      0.9935997
      6.830094      0.9925354
      6.830277      0.9909502
      6.830460      0.9874175
      6.830643      0.9846547
      6.830826      0.9828997
      6.831009      0.9816768
      6.831192      0.9822090
      6.831376      0.9845075
      6.831559      0.9866815
      6.831742      0.9872929
      6.831925      0.9882214
      6.832108      0.9889347
      6.832291      0.9885837
      6.832474      0.9878590
      6.832657      0.9871683
      6.832840      0.9860927
      6.833024      0.9846320
      6.833207      0.9819825
      6.833390      0.9794123
      6.833573      0.9771137
      6.833756      0.9725959
      6.833939      0.9675913
      6.834122      0.9630395
      6.834305      0.9597559
      6.834488      0.9567214
      6.834671      0.9546607
      6.834855      0.9525319
      6.835038      0.9479802
      6.835221      0.9418546
      6.835404      0.9336003
      6.835588      0.9248817
      6.835771      0.9158121
      6.835954      0.9078863
      6.836137      0.8995526
      6.836320      0.8924986
      6.836503      0.8867126
      6.836686      0.8814589
      6.836869      0.8759673
      6.837052      0.8711212
      6.837235      0.8675092
      6.837419      0.8662977
      6.837602      0.8660259
      6.837785      0.8667619
      6.837968      0.8683584
      6.838151      0.8729328
      6.838334      0.8788207
      6.838517      0.8860785
      6.838700      0.8959067
      6.838883      0.9057349
      6.839067      0.9141138
      6.839250      0.9192203
      6.839433      0.9240552
      6.839616      0.9283918
      6.839799      0.9328190
      6.839982      0.9382086
      6.840165      0.9443343
      6.840348      0.9518639
      6.840531      0.9576498
      6.840715      0.9588501
      6.840898      0.9589520
      6.841081      0.9582726
      6.841264      0.9558609
      6.841447      0.9527584
      6.841630      0.9490898
      6.841814      0.9467347
      6.841997      0.9451609
      6.842180      0.9443796
      6.842363      0.9434737
      6.842546      0.9416281
      6.842729      0.9384464
      6.842912      0.9336569
      6.843095      0.9277351
      6.843278      0.9197298
      6.843462      0.9104112
      6.843645      0.9017153
      6.843828      0.8928269
      6.844011      0.8789113
      6.844194      0.8643728
      6.844377      0.8488492
      6.844560      0.8324765
      6.844743      0.8144619
      6.844926      0.7968437
      6.845109      0.7794519
      6.845293      0.7634075
      6.845476      0.7521867
      6.845659      0.7422905
      6.845842      0.7339796
      6.846025      0.7274011
      6.846209      0.7212754
      6.846392      0.7159990
      6.846575      0.7129985
      6.846758      0.7102470
      6.846941      0.7080618
      6.847124      0.7055141
      6.847307      0.7025928
      6.847490      0.6953576
      6.847673      0.6859597
      6.847857      0.6744217
      6.848040      0.6611628
      6.848223      0.6470093
      6.848406      0.6314858
      6.848589      0.6161887
      6.848772      0.5988309
      6.848955      0.5811560
      6.849138      0.5631980
      6.849321      0.5442437
      6.849504      0.5242816
      6.849688      0.5053839
      6.849871      0.4886602
      6.850054      0.4751974
      6.850237      0.4659014
      6.850420      0.4609080
      6.850603      0.4581226
      6.850786      0.4587680
      6.850969      0.4627763
      6.851152      0.4727290
      6.851336      0.4863164
      6.851519      0.5035836
      6.851702      0.5255724
      6.851885      0.5523395
      6.852068      0.5801030
      6.852252      0.6072210
      6.852435      0.6330483
      6.852618      0.6569167
      6.852801      0.6781696
      6.852984      0.6949840
      6.853167      0.7097262
      6.853350      0.7217396
      6.853533      0.7321113
      6.853716      0.7391768
      6.853899      0.7443060
      6.854083      0.7494012
      6.854266      0.7568403
      6.854449      0.7643586
      6.854632      0.7713108
      6.854815      0.7764174
      6.854998      0.7805389
      6.855181      0.7845472
      6.855364      0.7880799
      6.855547      0.7916126
      6.855731      0.7951566
      6.855914      0.7986327
      6.856097      0.8012596
      6.856280      0.8036374
      6.856463      0.8051546
      6.856646      0.8065473
      6.856829      0.8075551
      6.857012      0.8065926
      6.857196      0.8024711
      6.857379      0.7954397
      6.857562      0.7869250
      6.857745      0.7775723
      6.857928      0.7673705
      6.858111      0.7570554
      6.858294      0.7466045
      6.858478      0.7365612
      6.858661      0.7264953
      6.858844      0.7173917
      6.859027      0.7107792
      6.859210      0.7041894
      6.859393      0.6953123
      6.859576      0.6849180
      6.859759      0.6736292
      6.859942      0.6629971
      6.860126      0.6532142
      6.860309      0.6444843
      6.860492      0.6371924
      6.860675      0.6323463
      6.860858      0.6301950
      6.861041      0.6294476
      6.861224      0.6311800
      6.861407      0.6337390
      6.861590      0.6362073
      6.861773      0.6371924
      6.861957      0.6371924
      6.862140      0.6367056
      6.862323      0.6362187
      6.862506      0.6356186
      6.862689      0.6360262
      6.862872      0.6356639
      6.863056      0.6348712
      6.863239      0.6352109
      6.863422      0.6356639
      6.863605      0.6352449
      6.863788      0.6348373
      6.863971      0.6364678
      6.864154      0.6407591
      6.864337      0.6479378
      6.864521      0.6597134
      6.864704      0.6749879
      6.864887      0.6918249
      6.865070      0.7074843
      6.865253      0.7238797
      6.865436      0.7425510
      6.865619      0.7604409
      6.865802      0.7760098
      6.865985      0.7874005
      6.866168      0.7952812
      6.866352      0.8012709
      6.866535      0.8022107
      6.866718      0.7999461
      6.866901      0.7937526
      6.867084      0.7837659
      6.867267      0.7686613
      6.867450      0.7516658
      6.867633      0.7346590
      6.867816      0.7185127
      6.868000      0.7022305
      6.868183      0.6865145
      6.868366      0.6726101
      6.868549      0.6606306
      6.868732      0.6475981
      6.868916      0.6339201
      6.869099      0.6219293
      6.869282      0.6114557
      6.869465      0.5991479
      6.869648      0.5868514
      6.869831      0.5740340
      6.870014      0.5606957
      6.870197      0.5466328
      6.870380      0.5333852
      6.870564      0.5203300
      6.870747      0.5074673
      6.870930      0.4965182
      6.871113      0.4856144
      6.871296      0.4767259
      6.871479      0.4681659
      6.871662      0.4608175
      6.871845      0.4570583
      6.872028      0.4552466
      6.872211      0.4563110
      6.872395      0.4636595
      6.872578      0.4743255
      6.872761      0.4896226
      6.872944      0.5052028
      6.873127      0.5226512
      6.873310      0.5412205
      6.873493      0.5594049
      6.873676      0.5751096
      6.873859      0.5892518
      6.874043      0.6007558
      6.874226      0.6073229
      6.874409      0.6110708
      6.874592      0.6125427
      6.874775      0.6118407
      6.874959      0.6098932
      6.875142      0.6078438
      6.875325      0.6054887
      6.875508      0.6030882
      6.875691      0.6013785
      6.875874      0.6000198
      6.876057      0.5994197
      6.876240      0.5990686
      6.876423      0.5995895
      6.876606      0.6005179
      6.876790      0.6024881
      6.876973      0.6045489
      6.877156      0.6077192
      6.877339      0.6096781
      6.877522      0.6097800
      6.877705      0.6081156
      6.877888      0.6069379
      6.878071      0.6060774
      6.878254      0.6076739
      6.878438      0.6121238
      6.878621      0.6186004
      6.878804      0.6271491
      6.878987      0.6389928
      6.879170      0.6530217
      6.879353      0.6691680
      6.879537      0.6891074
      6.879720      0.7105641
      6.879903      0.7294052
      6.880086      0.7468423
      6.880269      0.7622186
      6.880452      0.7738698
      6.880635      0.7823619
      6.880818      0.7892348
      6.881001      0.7949188
      6.881185      0.7991875
      6.881368      0.8026296
      6.881551      0.8041695
      6.881734      0.8055170
      6.881917      0.8065699
      6.882100      0.8083703
      6.882283      0.8098083
      6.882466      0.8124012
      6.882649      0.8153904
      6.882833      0.8170435
      6.883016      0.8155602
      6.883199      0.8133070
      6.883382      0.8110085
      6.883565      0.8095025
      6.883748      0.8108273
      6.883931      0.8155829
      6.884114      0.8223313
      6.884297      0.8294646
      6.884480      0.8374472
      6.884664      0.8462223
      6.884847      0.8547710
      6.885030      0.8623007
      6.885213      0.8683017
      6.885396      0.8715287
      6.885580      0.8708267
      6.885763      0.8696945
      6.885946      0.8683584
      6.886129      0.8657994
      6.886312      0.8644973
      6.886495      0.8656070
      6.886678      0.8677243
      6.886861      0.8696831
      6.887044      0.8738273
      6.887228      0.8780733
      6.887411      0.8803379
      6.887594      0.8825345
      6.887777      0.8862031
      6.887960      0.8899170
      6.888143      0.8921022
      6.888326      0.8948877
      6.888509      0.8956237
      6.888692      0.8929175
      6.888875      0.8875166
      6.889059      0.8830440
      6.889242      0.8811531
      6.889425      0.8815494
      6.889608      0.8829195
      6.889791      0.8854218
      6.889974      0.8879129
      6.890157      0.8911625
      6.890340      0.8958275
      6.890524      0.9003905
      6.890707      0.9030287
      6.890890      0.9057689
      6.891073      0.9086788
      6.891256      0.9115435
      6.891439      0.9138759
      6.891623      0.9176012
      6.891806      0.9202281
      6.891989      0.9224473
      6.892172      0.9239420
      6.892355      0.9247345
      6.892538      0.9249383
      6.892721      0.9258215
      6.892904      0.9273614
      6.893087      0.9282899
      6.893270      0.9282786
      6.893454      0.9269991
      6.893637      0.9255044
      6.893820      0.9261838
      6.894003      0.9276445
      6.894186      0.9268519
      6.894369      0.9267386
      6.894552      0.9285730
      6.894735      0.9312564
      6.894918      0.9333285
      6.895102      0.9367027
      6.895285      0.9408582
      6.895468      0.9453872
      6.895651      0.9497013
      6.895834      0.9524413
      6.896017      0.9536756
      6.896200      0.9554759
      6.896384      0.9584085
      6.896567      0.9620431
      6.896750      0.9662552
      6.896933      0.9703880
      6.897116      0.9706144
      6.897299      0.9698445
      6.897482      0.9690632
      6.897666      0.9694142
      6.897849      0.9693236
      6.898032      0.9700483
      6.898215      0.9715203
      6.898398      0.9740906
      6.898581      0.9769439
      6.898764      0.9784838
      6.898947      0.9797746
      6.899130      0.9808842
      6.899313      0.9817561
      6.899497      0.9814277
      6.899680      0.9810767
      6.899863      0.9815522
      6.900046      0.9820165
      6.900229      0.9824808
      6.900412      0.9829563
      6.900595      0.9833752
      6.900778      0.9830809
      6.900961      0.9828883
      6.901145      0.9823788
      6.901328      0.9803294
      6.901511      0.9778724
      6.901694      0.9746114
      6.901877      0.9733772
      6.902061      0.9724487
      6.902244      0.9717807
      6.902427      0.9708070
      6.902610      0.9699124
      6.902793      0.9686669
      6.902976      0.9687349
      6.903159      0.9690632
      6.903342      0.9678856
      6.903525      0.9670252
      6.903708      0.9682593
      6.903892      0.9686669
      6.904075      0.9682480
      6.904258      0.9698105
      6.904441      0.9713618
      6.904624      0.9720411
      6.904807      0.9711013
      6.904990      0.9694256
      6.905173      0.9661646
      6.905356      0.9630848
      6.905540      0.9597219
      6.905723      0.9560760
      6.905906      0.9523621
      6.906089      0.9497013
      6.906272      0.9474027
      6.906455      0.9461572
      6.906638      0.9452627
      6.906821      0.9434171
      6.907004      0.9408695
      6.907187      0.9394655
      6.907371      0.9379935
      6.907554      0.9379256
      6.907737      0.9394768
      6.907920      0.9433832
      6.908103      0.9468819
      6.908287      0.9509242
      6.908470      0.9539473
      6.908653      0.9565516
      6.908836      0.9580349
      6.909019      0.9576612
      6.909202      0.9578197
      6.909385      0.9581481
      6.909568      0.9581594
      6.909751      0.9583292
      6.909935      0.9593370
      6.910118      0.9601069
      6.910301      0.9615449
      6.910484      0.9634244
      6.910667      0.9654965
      6.910850      0.9661306
      6.911033      0.9660400
      6.911216      0.9660174
      6.911399      0.9675460
      6.911582      0.9685423
      6.911766      0.9695615
      6.911949      0.9725053
      6.912132      0.9759022
      6.912315      0.9781328
      6.912498      0.9781441
      6.912682      0.9763551
      6.912865      0.9732866
      6.913048      0.9693576
      6.913231      0.9657797
      6.913414      0.9646134
      6.913597      0.9647605
      6.913780      0.9631754
      6.913963      0.9622582
      6.914146      0.9630622
      6.914330      0.9630735
      6.914513      0.9618846
      6.914696      0.9611939
      6.914879      0.9601069
      6.915062      0.9594275
      6.915245      0.9596200
      6.915428      0.9589633
      6.915611      0.9551022
      6.915794      0.9499277
      6.915977      0.9427491
      6.916161      0.9361932
      6.916344      0.9303507
      6.916527      0.9249836
      6.916710      0.9198091
      6.916893      0.9155518
      6.917076      0.9112151
      6.917259      0.9068671
      6.917442      0.9022815
      6.917625      0.8973560
      6.917809      0.8925552
      6.917992      0.8881167
      6.918175      0.8831459
      6.918358      0.8783564
      6.918541      0.8729215
      6.918725      0.8655843
      6.918908      0.8576244
      6.919091      0.8525292
      6.919274      0.8476490
      6.919457      0.8435276
      6.919640      0.8405836
      6.919823      0.8401647
      6.920006      0.8396212
      6.920189      0.8392136
      6.920372      0.8388059
      6.920556      0.8407195
      6.920739      0.8421575
      6.920922      0.8430180
      6.921105      0.8457581
      6.921288      0.8495060
      6.921471      0.8523480
      6.921654      0.8545219
      6.921837      0.8566620
      6.922020      0.8578961
      6.922204      0.8590171
      6.922387      0.8611797
      6.922570      0.8634104
      6.922753      0.8642369
      6.922936      0.8636141
      6.923119      0.8604098
      6.923302      0.8571602
      6.923485      0.8548163
      6.923668      0.8536388
      6.923852      0.8531746
      6.924035      0.8537407
      6.924218      0.8542842
      6.924401      0.8558807
      6.924584      0.8573300
      6.924767      0.8594021
      6.924951      0.8617232
      6.925134      0.8646445
      6.925317      0.8670449
      6.925500      0.8692416
      6.925683      0.8701134
      6.925866      0.8714156
      6.926049      0.8720949
      6.926232      0.8725705
      6.926415      0.8755484
      6.926599      0.8825458
      6.926782      0.8881506
      6.926965      0.8907096
      6.927148      0.8917739
      6.927331      0.8914115
      6.927514      0.8890111
      6.927697      0.8871542
      6.927880      0.8867013
      6.928063      0.8866560
      6.928246      0.8857275
      6.928430      0.8867692
      6.928613      0.8870636
      6.928796      0.8862484
      6.928979      0.8865654
      6.929162      0.8856483
      6.929345      0.8811758
      6.929528      0.8765108
      6.929712      0.8713929
      6.929895      0.8663656
      6.930078      0.8621082
      6.930261      0.8637613
      6.930444      0.8694454
      6.930627      0.8773260
      6.930810      0.8818325
      6.930994      0.8811531
      6.931177      0.8766466
      6.931360      0.8707022
      6.931543      0.8629121
      6.931726      0.8559147
      6.931909      0.8506609
      6.932092      0.8475584
      6.932275      0.8486454
      6.932458      0.8538313
      6.932642      0.8600248
      6.932825      0.8658447
      6.933008      0.8748237
      6.933191      0.8803492
      6.933374      0.8840518
      6.933557      0.8861012
      6.933740      0.8877203
      6.933923      0.8866560
      6.934106      0.8851048
      6.934289      0.8831233
      6.934473      0.8803379
      6.934656      0.8784810
      6.934839      0.8780960
      6.935022      0.8786168
      6.935205      0.8769864
      6.935389      0.8733291
      6.935572      0.8680187
      6.935755      0.8619837
      6.935938      0.8563110
      6.936121      0.8524725
      6.936304      0.8502985
      6.936487      0.8496984
      6.936670      0.8517365
      6.936853      0.8540804
      6.937037      0.8540804
      6.937220      0.8525857
      6.937403      0.8520876
      6.937586      0.8524159
      6.937769      0.8548050
      6.937952      0.8585076
      6.938135      0.8627423
      6.938318      0.8659806
      6.938501      0.8717326
      6.938684      0.8766580
      6.938868      0.8801907
      6.939051      0.8838140
      6.939234      0.8883657
      6.939417      0.8954085
      6.939600      0.9040365
      6.939783      0.9130607
      6.939966      0.9215528
      6.940149      0.9279842
      6.940332      0.9340872
      6.940516      0.9394202
      6.940699      0.9432473
      6.940882      0.9430208
      6.941065      0.9436549
      6.941248      0.9464064
      6.941432      0.9495314
      6.941615      0.9537321
      6.941798      0.9589520
      6.941981      0.9643416
      6.942164      0.9677045
      6.942347      0.9698218
      6.942530      0.9722789
      6.942713      0.9756078
      6.942896      0.9785404
      6.943079      0.9797180
      6.943263      0.9787782
      6.943446      0.9773062
      6.943629      0.9774874
      6.943812      0.9783479
      6.943995      0.9792085
      6.944178      0.9805898
      6.944361      0.9826506
      6.944544      0.9845302
      6.944727      0.9851189
      6.944911      0.9848245
      6.945094      0.9837036
      6.945277      0.9833072
      6.945460      0.9834205
      6.945643      0.9856738
      6.945826      0.9885044
      6.946010      0.9934638
      6.946193      0.9963511
      6.946376      0.9996800
      6.946559       1.002454
      6.946742       1.004945
      6.946925       1.004368
      6.947108       1.003201
      6.947291       1.001095
      6.947474      0.9985930
      6.947658      0.9973249
      6.947841      0.9972230
      6.948024      0.9963851
      6.948207      0.9935997
      6.948390      0.9927166
      6.948573      0.9923089
      6.948756      0.9923089
      6.948939      0.9912219
      6.949122      0.9913125
      6.949306      0.9896027
      6.949489      0.9869872
      6.949672      0.9857756
      6.949855      0.9872476
      6.950038      0.9884704
      6.950221      0.9878590
      6.950404      0.9859228
      6.950587      0.9837489
      6.950770      0.9807596
      6.950953      0.9755512
      6.951137      0.9715656
      6.951320      0.9698445
      6.951503      0.9688481
      6.951686      0.9694482
      6.951869      0.9731847
      6.952053      0.9765023
      6.952236      0.9754719
      6.952419      0.9726299
      6.952602      0.9691877
      6.952785      0.9661646
      6.952968      0.9630961
      6.953151      0.9606165
      6.953334      0.9569705
      6.953517      0.9525659
      6.953701      0.9478670
      6.953884      0.9433832
      6.954067      0.9415715
      6.954250      0.9423981
      6.954433      0.9449344
      6.954616      0.9495767
      6.954799      0.9560987
      6.954982      0.9621336
      6.955165      0.9636962
      6.955348      0.9652135
      6.955532      0.9632433
      6.955715      0.9611939
      6.955898      0.9602201
      6.956081      0.9618506
      6.956264      0.9620771
      6.956447      0.9634697
      6.956630      0.9655985
      6.956813      0.9688821
      6.956996      0.9729469
      6.957180      0.9776119
      6.957363      0.9794915
      6.957546      0.9791518
      6.957729      0.9787102
      6.957912      0.9797746
      6.958096      0.9803294
      6.958279      0.9803294
      6.958462      0.9818354
      6.958645      0.9846547
      6.958828      0.9882101
      6.959011      0.9929543
      6.959194      0.9961699
      6.959377      0.9958076
      6.959560      0.9948226
      6.959743      0.9956264
      6.959927      0.9951962
      6.960110      0.9945055
      6.960293      0.9935091
      6.960476      0.9909955
      6.960659      0.9876779
      6.960842      0.9858888
      6.961025      0.9861720
      6.961208      0.9889800
      6.961391      0.9916861
      6.961575      0.9930788
      6.961758      0.9932940
      6.961941      0.9928524
      6.962124      0.9932714
      6.962307      0.9945055
      6.962490      0.9964757
      6.962673      0.9983326
      6.962856      0.9986497
      6.963040      0.9920032
      6.963223      0.9994762
      6.963406      0.9962492
      6.963589      0.9890026
      6.963772      0.9654512
      6.963955      0.9251308
      6.964139      0.9257536
      6.964322      0.9278144
      6.964505      0.9276558
      6.964688      0.9251535
      6.964871      0.8664788
      6.965054      0.8763410
      6.965237      0.8867126
      6.965420      0.8948877
      6.965603      0.9007756
